#,Contest,Start time,Rank,Solved,Rating change,New rating,Title
57,"Codeforces Round 844 (Div. 1 + Div. 2, based on VK Cup 2022 - Elimination Round)",Jan/15/2023 15:05,516,4,-71,2412,Grandmaster
56,Hello 2023,Jan/03/2023 17:35,299,5,-13,2483,Grandmaster
55,Good Bye 2022: 2023 is NEAR,Dec/30/2022 17:35,248,5,+17,2496,Grandmaster
54,"Polynomial Round 2022 (Div. 1 + Div. 2, Rated, Prizes!)",Dec/17/2022 17:35,134,7,+44,2479,Grandmaster
53,Codeforces Global Round 24,Nov/26/2022 17:05,212,5,+3,2435,Grandmaster
52,Pinely Round 1 (Div. 1 + Div. 2),Nov/20/2022 17:35,167,5,+31,2432,Grandmaster
51,"CodeTON Round 3 (Div. 1 + Div. 2, Rated, Prizes!)",Nov/06/2022 17:35,225,5,+16,2401,Grandmaster
50,Codeforces Round 831 (Div. 1 + Div. 2),Oct/29/2022 12:10,386,5,-65,2385,International Master
49,Dytechlab Cup 2022,Oct/07/2022 17:35,451,4,-72,2450,Grandmaster
48,Codeforces Global Round 22,Sep/30/2022 17:35,289,5,-39,2522,Grandmaster
47,"CodeTON Round 2 (Div. 1 + Div. 2, Rated, Prizes!)",Jul/31/2022 17:05,73,6,+86,2561,Grandmaster
46,Codeforces Global Round 21,Jun/25/2022 17:35,268,5,-4,2475,Grandmaster
45,Codeforces Round 800 (Div. 1),Jun/16/2022 17:35,176,3,+5,2479,Grandmaster
44,Codeforces Round 789 (Div. 1),May/08/2022 17:35,175,4,+1,2474,Grandmaster
43,Codeforces Round 783 (Div. 1),Apr/19/2022 17:35,467,2,-107,2473,Grandmaster
42,"CodeTON Round 1 (Div. 1 + Div. 2, Rated, Prizes!)",Mar/24/2022 17:35,94,6,+67,2580,Grandmaster
41,"Codeforces Round 778 (Div. 1 + Div. 2, based on Technocup 2022 Final Round)",Mar/20/2022 14:35,292,5,-42,2513,Grandmaster
40,Codeforces Round 773 (Div. 1),Feb/23/2022 13:10,200,3,-30,2555,Grandmaster
39,Codeforces Global Round 19,Feb/12/2022 17:35,126,6,+31,2585,Grandmaster
38,Codeforces Round 767 (Div. 1),Jan/22/2022 17:35,121,5,+33,2554,Grandmaster
37,Hello 2022,Jan/03/2022 17:35,176,5,+28,2521,Grandmaster
36,Good Bye 2021: 2022 is NEAR,Dec/29/2021 18:35,255,5,+5,2493,Grandmaster
35,Codeforces Round 758 (Div.1 + Div. 2),Dec/11/2021 13:05,56,4,+94,2488,Grandmaster
34,"Deltix Round, Autumn 2021 (open for everyone, rated, Div. 1 + Div. 2)",Nov/28/2021 17:35,314,5,-8,2394,International Master
33,"Codeforces Round 755 (Div. 1, based on Technocup 2022 Elimination Round 2)",Nov/14/2021 09:05,118,3,+39,2402,Grandmaster
32,Codeforces Round 752 (Div. 1),Oct/30/2021 17:35,398,2,-37,2363,International Master
31,Codeforces Round 751 (Div. 1),Oct/25/2021 09:35,283,2,-64,2400,Grandmaster
30,"Codeforces Round 749 (Div. 1 + Div. 2, based on Technocup 2022 Elimination Round 1)",Oct/17/2021 14:05,187,6,+12,2464,Grandmaster
29,"Deltix Round, Summer 2021 (open for everyone, rated, Div. 1 + Div. 2)",Aug/29/2021 17:35,162,6,+53,2452,Grandmaster
28,"Codeforces Round 740 (Div. 1, based on VK Cup 2021 - Final (Engine))",Aug/24/2021 17:35,322,3,-35,2399,International Master
27,Codeforces Round 736 (Div. 1),Aug/01/2021 17:35,286,3,-14,2434,Grandmaster
26,Codeforces Global Round 15,Jul/25/2021 17:35,175,6,+47,2448,Grandmaster
25,"Harbour.Space Scholarship Contest 2021-2022 (open for everyone, rated, Div. 1 + Div. 2)",Jul/22/2021 17:35,245,5,+8,2401,Grandmaster
24,"Codeforces Round 733 (Div. 1 + Div. 2, based on VK Cup 2021 - Elimination (Engine))",Jul/17/2021 17:35,332,5,-18,2393,International Master
23,Codeforces Round 732 (Div. 1),Jul/11/2021 17:05,600,1,-110,2411,Grandmaster
22,Codeforces Round 728 (Div. 1),Jun/25/2021 18:35,152,2,-16,2521,Grandmaster
21,Codeforces LATOKEN Round 1 (Div. 1 + Div. 2),Jun/13/2021 18:35,370,5,-80,2537,Grandmaster
20,"Deltix Round, Spring 2021 (open for everyone, rated, Div. 1 + Div. 2)",May/30/2021 17:35,131,5,+20,2617,International Grandmaster
19,Codeforces Round 722 (Div. 1),May/24/2021 17:35,117,4,+15,2597,Grandmaster
18,Codeforces Global Round 14,May/02/2021 17:35,115,6,+40,2582,Grandmaster
17,Contest 2050 and Codeforces Round 718 (Div. 1 + Div. 2),Apr/23/2021 17:35,252,5,-21,2542,Grandmaster
16,Codeforces Round 715 (Div. 1),Apr/16/2021 17:35,71,3,+60,2563,Grandmaster
15,Codeforces Round 712 (Div. 1),Apr/03/2021 17:35,89,4,+73,2503,Grandmaster
14,"Codeforces Round 709 (Div. 1, based on Technocup 2021 Final Round)",Mar/21/2021 16:20,190,4,+10,2430,Grandmaster
13,"Codeforces Round 707 (Div. 1, based on Moscow Open Olympiad in Informatics)",Mar/13/2021 12:05,473,1,-113,2420,Grandmaster
12,Codeforces Round 706 (Div. 1),Mar/10/2021 15:05,23,4,+205,2533,Grandmaster
11,Codeforces Global Round 13,Feb/28/2021 16:35,866,4,-66,2328,International Master
10,Codeforces Round 694 (Div. 1),Jan/05/2021 17:35,274,3,-18,2394,International Master
9,Good Bye 2020,Dec/30/2020 17:35,392,6,-4,2412,Grandmaster
8,Codeforces Round 691 (Div. 1),Dec/19/2020 12:35,183,2,-1,2416,Grandmaster
7,Codeforces Global Round 12,Dec/06/2020 17:35,375,5,-26,2417,Grandmaster
6,"Codeforces Round 687 (Div. 1, based on Technocup 2021 Elimination Round 2)",Nov/29/2020 10:05,189,3,+43,2443,Grandmaster
5,Codeforces Round 685 (Div. 2),Nov/21/2020 17:35,3,7,+303,2400,Grandmaster
4,Educational Codeforces Round 98 (Rated for Div. 2),Nov/19/2020 17:35,5,5,+349,2097,Candidate Master
3,Educational Codeforces Round 97 (Rated for Div. 2),Oct/27/2020 17:35,9,6,+528,1748,Expert
2,Educational Codeforces Round 96 (Rated for Div. 2),Oct/11/2020 12:05,678,4,+385,1220,Pupil
1,Codeforces Global Round 11,Oct/10/2020 17:50,217,5,+835,835,Newbie
