#,Contest,Start time,Rank,Solved,Rating change,New rating,Title
106,Codeforces Round 854 by cybercats (Div. 1 + Div. 2),Feb/27/2023 17:35,453,5,+21,2135,Master
105,Educational Codeforces Round 143 (Rated for Div. 2),Feb/16/2023 17:35,34,5,+124,2114,Master
104,Codeforces Round 852 (Div. 2),Feb/12/2023 11:35,220,4,+47,1990,Candidate Master
103,Codeforces Round 851 (Div. 2),Feb/09/2023 17:35,2408,3,-122,1943,Candidate Master
102,Codeforces Round 848 (Div. 2),Feb/01/2023 17:35,289,4,-5,2065,Candidate Master
101,"TypeDB Forces 2023 (Div. 1 + Div. 2, Rated, Prizes!)",Jan/29/2023 17:35,451,5,+72,2070,Candidate Master
100,Educational Codeforces Round 142 (Rated for Div. 2),Jan/24/2023 17:35,165,4,+58,1998,Candidate Master
99,Codeforces Round 845 (Div. 2) and ByteRace 2023,Jan/21/2023 17:35,170,4,+70,1940,Candidate Master
98,"Codeforces Round 844 (Div. 1 + Div. 2, based on VK Cup 2022 - Elimination Round)",Jan/15/2023 15:05,2629,3,-118,1870,Expert
97,Codeforces Round 843 (Div. 2),Jan/10/2023 14:15,955,5,-66,1988,Candidate Master
96,Codeforces Round 842 (Div. 2),Jan/05/2023 17:35,373,4,-5,2054,Candidate Master
95,Hello 2023,Jan/03/2023 17:35,2347,3,-114,2059,Candidate Master
94,"Polynomial Round 2022 (Div. 1 + Div. 2, Rated, Prizes!)",Dec/17/2022 17:35,422,5,+29,2173,Master
93,Codeforces Global Round 24,Nov/26/2022 17:05,288,5,+71,2144,Master
92,Codeforces Round 836 (Div. 2),Nov/25/2022 18:35,223,4,+8,2073,Candidate Master
91,Pinely Round 1 (Div. 1 + Div. 2),Nov/20/2022 17:35,339,4,+84,2065,Candidate Master
90,Codeforces Round 833 (Div. 2),Nov/12/2022 17:35,155,4,+70,1981,Candidate Master
89,"CodeTON Round 3 (Div. 1 + Div. 2, Rated, Prizes!)",Nov/06/2022 17:35,1670,3,-58,1911,Candidate Master
88,Codeforces Round 832 (Div. 2),Nov/04/2022 17:35,504,4,-9,1969,Candidate Master
87,Codeforces Round 831 (Div. 1 + Div. 2),Oct/29/2022 12:10,478,5,+46,1978,Candidate Master
86,Codeforces Round 829 (Div. 1),Oct/23/2022 10:50,874,3,-74,1932,Candidate Master
85,Educational Codeforces Round 138 (Rated for Div. 2),Oct/20/2022 17:35,834,4,-63,2006,Candidate Master
84,Educational Codeforces Round 137 (Rated for Div. 2),Oct/17/2022 17:35,204,4,+21,2069,Candidate Master
83,Codeforces Global Round 23,Oct/15/2022 17:35,577,4,+62,2048,Candidate Master
82,Dytechlab Cup 2022,Oct/07/2022 17:35,1528,3,-85,1986,Candidate Master
81,Codeforces Global Round 22,Sep/30/2022 17:35,1198,3,-55,2071,Candidate Master
80,Codeforces Round 823 (Div. 2),Sep/25/2022 17:35,129,4,+31,2126,Master
79,Codeforces Round 821 (Div. 2),Sep/19/2022 17:35,213,5,+6,2095,Candidate Master
78,Educational Codeforces Round 134 (Rated for Div. 2),Aug/27/2022 17:35,46,5,+120,2089,Candidate Master
77,Codeforces Round 816 (Div. 2),Aug/20/2022 17:35,652,4,-22,1969,Candidate Master
76,Codeforces Round 815 (Div. 2),Aug/18/2022 16:35,678,4,-35,1991,Candidate Master
75,Codeforces Round 814 (Div. 1),Aug/16/2022 17:35,648,1,-44,2026,Candidate Master
74,Codeforces Round 813 (Div. 2),Aug/13/2022 17:35,120,5,+82,2070,Candidate Master
73,Codeforces Round 812 (Div. 2),Aug/06/2022 17:35,885,4,-46,1988,Candidate Master
72,Educational Codeforces Round 133 (Rated for Div. 2),Aug/04/2022 17:35,294,4,+28,2034,Candidate Master
71,"CodeTON Round 2 (Div. 1 + Div. 2, Rated, Prizes!)",Jul/31/2022 17:05,759,4,+40,2006,Candidate Master
70,Educational Codeforces Round 132 (Rated for Div. 2),Jul/21/2022 17:35,274,4,+47,1966,Candidate Master
69,Codeforces Round 809 (Div. 2),Jul/18/2022 17:35,279,4,+67,1919,Candidate Master
68,Educational Codeforces Round 131 (Rated for Div. 2),Jul/08/2022 17:35,456,4,+44,1852,Expert
67,Codeforces Round 804 (Div. 2),Jul/04/2022 17:35,590,3,+45,1808,Expert
66,Codeforces Round 803 (Div. 2),Jun/28/2022 17:35,1732,3,-41,1763,Expert
65,Codeforces Global Round 21,Jun/25/2022 17:35,1801,3,-14,1804,Expert
64,Codeforces Round 801 (Div. 2) and EPIC Institute of Technology Round,Jun/18/2022 17:35,6613,2,-185,1818,Expert
63,Codeforces Round 800 (Div. 2),Jun/16/2022 17:35,7,5,+248,2003,Candidate Master
62,Educational Codeforces Round 129 (Rated for Div. 2),May/23/2022 17:35,2211,3,-62,1755,Expert
61,Codeforces Round 792 (Div. 1 + Div. 2),May/19/2022 17:35,3976,2,-131,1817,Expert
60,Educational Codeforces Round 128 (Rated for Div. 2),May/13/2022 17:35,713,3,-33,1948,Candidate Master
59,Codeforces Global Round 20,Apr/23/2022 17:05,360,6,+137,1981,Candidate Master
58,Educational Codeforces Round 127 (Rated for Div. 2),Apr/22/2022 17:35,300,5,+74,1844,Expert
57,Codeforces Round 783 (Div. 2),Apr/19/2022 17:35,441,3,+37,1770,Expert
56,Codeforces Round 782 (Div. 2),Apr/17/2022 17:35,1913,3,-56,1733,Expert
55,Educational Codeforces Round 126 (Rated for Div. 2),Apr/09/2022 17:35,1067,3,-18,1789,Expert
54,Codeforces Round 781 (Div. 2),Apr/08/2022 17:35,440,4,+49,1807,Expert
53,Codeforces Round 779 (Div. 2),Mar/27/2022 17:35,2781,3,-97,1758,Expert
52,"CodeTON Round 1 (Div. 1 + Div. 2, Rated, Prizes!)",Mar/24/2022 17:35,1641,3,-13,1855,Expert
51,Educational Codeforces Round 125 (Rated for Div. 2),Mar/22/2022 17:45,485,4,+31,1868,Expert
50,Codeforces Round 774 (Div. 2),Mar/04/2022 18:35,400,4,+43,1837,Expert
49,Codeforces Round 773 (Div. 2),Feb/23/2022 13:10,534,3,+13,1794,Expert
48,Educational Codeforces Round 123 (Rated for Div. 2),Feb/22/2022 17:35,423,5,+74,1781,Expert
47,Codeforces Round 772 (Div. 2),Feb/20/2022 17:35,732,4,+50,1707,Expert
46,Codeforces Round 771 (Div. 2),Feb/14/2022 17:35,890,3,+64,1657,Expert
45,Codeforces Global Round 19,Feb/12/2022 17:35,3416,3,-26,1593,Specialist
44,Codeforces Round 770 (Div. 2),Feb/06/2022 17:35,2270,3,-8,1619,Expert
43,Educational Codeforces Round 122 (Rated for Div. 2),Jan/31/2022 17:35,1827,3,-1,1627,Expert
42,Codeforces Round 769 (Div. 2),Jan/30/2022 17:35,566,4,+137,1628,Expert
41,Codeforces Round 768 (Div. 2),Jan/27/2022 17:35,3441,2,-17,1491,Specialist
40,Codeforces Round 766 (Div. 2),Jan/15/2022 17:35,3284,2,-25,1508,Specialist
39,Codeforces Round 765 (Div. 2),Jan/12/2022 15:05,2672,2,-26,1533,Specialist
38,Codeforces Round 764 (Div. 3),Jan/10/2022 17:35,1576,4,-5,1559,Specialist
37,Hello 2022,Jan/03/2022 17:35,3022,2,+8,1564,Specialist
36,Good Bye 2021: 2022 is NEAR,Dec/29/2021 18:35,4328,2,-42,1556,Specialist
35,Codeforces Round 763 (Div. 2),Dec/28/2021 16:35,1159,3,+44,1598,Specialist
34,Educational Codeforces Round 120 (Rated for Div. 2),Dec/27/2021 17:35,1757,3,+29,1554,Specialist
33,Codeforces Global Round 18,Dec/24/2021 17:35,1909,3,+66,1525,Specialist
32,Educational Codeforces Round 119 (Rated for Div. 2),Dec/18/2021 18:35,3310,2,-33,1459,Specialist
31,Codeforces Round 761 (Div. 2),Dec/16/2021 16:35,3499,2,-54,1492,Specialist
30,Codeforces Round 760 (Div. 3),Dec/14/2021 17:35,1258,4,-5,1546,Specialist
29,"Codeforces Round 759 (Div. 2, based on Technocup 2022 Elimination Round 3)",Dec/12/2021 18:15,3516,2,-93,1551,Specialist
28,Codeforces Round 758 (Div.1 + Div. 2),Dec/11/2021 13:05,514,3,+167,1644,Expert
27,Educational Codeforces Round 118 (Rated for Div. 2),Dec/01/2021 17:35,1146,3,+99,1477,Specialist
26,"Deltix Round, Autumn 2021 (open for everyone, rated, Div. 1 + Div. 2)",Nov/28/2021 17:35,3055,3,+6,1378,Pupil
25,Codeforces Round 757 (Div. 2),Nov/26/2021 14:15,3058,2,+1,1372,Pupil
24,Codeforces Round 756 (Div. 3),Nov/25/2021 17:35,2189,3,+13,1371,Pupil
23,Codeforces Global Round 17,Nov/23/2021 17:35,2165,3,+92,1358,Pupil
22,Educational Codeforces Round 117 (Rated for Div. 2),Nov/22/2021 12:35,1031,4,+165,1266,Pupil
21,"Codeforces Round 755 (Div. 2, based on Technocup 2022 Elimination Round 2)",Nov/14/2021 09:05,2859,3,+15,1101,Newbie
20,Codeforces Round 754 (Div. 2),Nov/12/2021 17:35,7561,1,-48,1086,Newbie
19,Codeforces Round 753 (Div. 3),Nov/02/2021 17:35,3340,3,+68,1134,Newbie
18,Codeforces Round 752 (Div. 2),Oct/30/2021 17:35,6610,1,-19,1066,Newbie
17,Educational Codeforces Round 116 (Rated for Div. 2),Oct/29/2021 17:35,6031,1,+17,1085,Newbie
16,Codeforces Round 751 (Div. 2),Oct/25/2021 09:35,4615,1,-35,1068,Newbie
15,Codeforces Round 750 (Div. 2),Oct/24/2021 13:05,5164,2,0,1103,Newbie
14,Codeforces Round 748 (Div. 3),Oct/13/2021 17:35,5514,3,+13,1103,Newbie
13,Codeforces Round 747 (Div. 2),Oct/08/2021 18:05,6087,2,-18,1090,Newbie
12,Codeforces Round 746 (Div. 2),Oct/03/2021 17:35,8075,1,-76,1108,Newbie
11,Codeforces Round 745 (Div. 2),Sep/30/2021 13:15,3658,1,-9,1184,Newbie
10,Codeforces Round 744 (Div. 3),Sep/28/2021 17:35,7446,2,-46,1193,Newbie
9,Educational Codeforces Round 114 (Rated for Div. 2),Sep/20/2021 17:35,3608,3,+53,1239,Pupil
8,Codeforces Global Round 16,Sep/12/2021 17:35,4052,4,+76,1186,Newbie
7,Educational Codeforces Round 113 (Rated for Div. 2),Sep/08/2021 17:35,8536,2,-39,1110,Newbie
6,Codeforces Round 742 (Div. 2),Sep/05/2021 17:35,9280,1,-25,1149,Newbie
5,"Deltix Round, Summer 2021 (open for everyone, rated, Div. 1 + Div. 2)",Aug/29/2021 17:35,4464,2,+141,1174,Newbie
4,Codeforces Round 741 (Div. 2),Aug/26/2021 17:35,5746,2,+154,1033,Newbie
3,"Codeforces Round 740 (Div. 2, based on VK Cup 2021 - Final (Engine))",Aug/24/2021 17:35,5679,1,+237,879,Newbie
2,Codeforces Round 739 (Div. 3),Aug/18/2021 17:35,9096,3,+285,642,Newbie
1,Codeforces Round 738 (Div. 2),Aug/15/2021 17:35,10802,0,+357,357,Newbie
