#,Contest,Start time,Rank,Solved,Rating change,New rating,Title
93,Codeforces Round 854 by cybercats (Div. 1 + Div. 2),Feb/27/2023 17:35,259,6,+14,2347,International Master
92,"Codeforces Round 850 (Div. 1, based on VK Cup 2022 - Final Round)",Feb/05/2023 15:05,165,4,+82,2333,International Master
91,"TypeDB Forces 2023 (Div. 1 + Div. 2, Rated, Prizes!)",Jan/29/2023 17:35,169,6,+124,2251,Master
90,Good Bye 2022: 2023 is NEAR,Dec/30/2022 17:35,1374,3,-48,2127,Master
89,Codeforces Round 840 (Div. 2) and Enigma 2022 - Cybros LNMIIT,Dec/19/2022 17:35,19,5,+147,2175,Master
88,"Polynomial Round 2022 (Div. 1 + Div. 2, Rated, Prizes!)",Dec/17/2022 17:35,1828,3,-107,2028,Candidate Master
87,Codeforces Round 815 (Div. 2),Aug/18/2022 16:35,114,4,+50,2135,Master
86,Codeforces Round 814 (Div. 1),Aug/16/2022 17:35,594,2,-41,2085,Candidate Master
85,Educational Codeforces Round 133 (Rated for Div. 2),Aug/04/2022 17:35,114,4,+60,2126,Master
84,"CodeTON Round 2 (Div. 1 + Div. 2, Rated, Prizes!)",Jul/31/2022 17:05,1813,3,-91,2066,Candidate Master
83,Codeforces Round 809 (Div. 2),Jul/18/2022 17:35,90,5,+60,2157,Master
82,Codeforces Round 808 (Div. 1),Jul/16/2022 17:35,710,1,-76,2097,Candidate Master
81,Codeforces Round 800 (Div. 1),Jun/16/2022 17:35,316,3,+32,2173,Master
80,Codeforces Round 783 (Div. 1),Apr/19/2022 17:35,517,2,-29,2141,Master
79,Codeforces Global Round 19,Feb/12/2022 17:35,555,5,+15,2170,Master
78,Codeforces Round 770 (Div. 2),Feb/06/2022 17:35,83,4,+77,2155,Master
77,Codeforces Round 769 (Div. 2),Jan/30/2022 17:35,350,4,+3,2078,Candidate Master
76,Codeforces Round 768 (Div. 1),Jan/27/2022 17:35,464,3,+14,2075,Candidate Master
75,Codeforces Round 767 (Div. 1),Jan/22/2022 17:35,672,2,-35,2061,Candidate Master
74,Codeforces Round 766 (Div. 2),Jan/15/2022 17:35,43,5,+129,2096,Candidate Master
73,Hello 2022,Jan/03/2022 17:35,1490,3,-30,1967,Candidate Master
72,Codeforces Global Round 18,Dec/24/2021 17:35,2725,2,-135,1997,Candidate Master
71,"Deltix Round, Autumn 2021 (open for everyone, rated, Div. 1 + Div. 2)",Nov/28/2021 17:35,590,4,+4,2132,Master
70,Codeforces Global Round 17,Nov/23/2021 17:35,669,4,-14,2128,Master
69,Codeforces Round 752 (Div. 1),Oct/30/2021 17:35,323,3,+75,2142,Master
68,Educational Codeforces Round 116 (Rated for Div. 2),Oct/29/2021 17:35,132,4,+67,2067,Candidate Master
67,Codeforces Round 751 (Div. 1),Oct/25/2021 09:35,602,1,-83,2000,Candidate Master
66,"Codeforces Round 749 (Div. 1 + Div. 2, based on Technocup 2022 Elimination Round 1)",Oct/17/2021 14:05,933,4,-39,2083,Candidate Master
65,Codeforces Global Round 16,Sep/12/2021 17:35,1492,5,-88,2122,Master
64,"Deltix Round, Summer 2021 (open for everyone, rated, Div. 1 + Div. 2)",Aug/29/2021 17:35,512,5,+14,2210,Master
63,"Codeforces Round 740 (Div. 1, based on VK Cup 2021 - Final (Engine))",Aug/24/2021 17:35,367,3,+15,2196,Master
62,Codeforces Round 736 (Div. 1),Aug/01/2021 17:35,357,3,+48,2181,Master
61,Codeforces Global Round 15,Jul/25/2021 17:35,664,5,+10,2133,Master
60,"Harbour.Space Scholarship Contest 2021-2022 (open for everyone, rated, Div. 1 + Div. 2)",Jul/22/2021 17:35,381,5,+61,2123,Master
59,Codeforces Round 729 (Div. 2),Jul/03/2021 16:05,165,4,+62,2062,Candidate Master
58,Educational Codeforces Round 110 (Rated for Div. 2),Jun/04/2021 17:35,475,4,0,2000,Candidate Master
57,Codeforces Round 723 (Div. 2),May/28/2021 17:05,540,4,-8,2000,Candidate Master
56,Codeforces Round 722 (Div. 1),May/24/2021 17:35,727,2,-40,2008,Candidate Master
55,Codeforces Round 715 (Div. 1),Apr/16/2021 17:35,877,0,-112,2048,Candidate Master
54,Codeforces Round 712 (Div. 1),Apr/03/2021 17:35,362,3,+38,2160,Master
53,Educational Codeforces Round 105 (Rated for Div. 2),Mar/02/2021 17:45,166,4,+43,2122,Master
52,Educational Codeforces Round 103 (Rated for Div. 2),Jan/29/2021 17:35,457,4,-8,2079,Candidate Master
51,Codeforces Round 698 (Div. 1),Jan/28/2021 17:35,526,2,-28,2087,Candidate Master
50,Educational Codeforces Round 101 (Rated for Div. 2),Dec/28/2020 17:35,67,5,+108,2115,Master
49,"Codeforces Round 689 (Div. 2, based on Zed Code Competition)",Dec/11/2020 17:35,121,5,+89,2007,Candidate Master
48,Educational Codeforces Round 99 (Rated for Div. 2),Nov/30/2020 17:35,500,4,+29,1918,Candidate Master
47,"Codeforces Round 687 (Div. 1, based on Technocup 2021 Elimination Round 2)",Nov/29/2020 10:05,761,1,-52,1889,Expert
46,"Codeforces Round 683 (Div. 1, by Meet IT)",Nov/15/2020 17:35,702,2,-30,1941,Candidate Master
45,"Codeforces Round 680 (Div. 1, based on Moscow Team Olympiad)",Nov/01/2020 14:05,703,1,-34,1971,Candidate Master
44,Educational Codeforces Round 97 (Rated for Div. 2),Oct/27/2020 17:35,223,4,+53,2005,Candidate Master
43,Codeforces Round 678 (Div. 2),Oct/24/2020 17:05,738,3,-28,1952,Candidate Master
42,Codeforces Round 676 (Div. 2),Oct/18/2020 12:05,450,4,+3,1980,Candidate Master
41,Educational Codeforces Round 96 (Rated for Div. 2),Oct/11/2020 12:05,1045,4,-73,1977,Candidate Master
40,Codeforces Global Round 11,Oct/10/2020 17:50,1550,3,-60,2050,Candidate Master
39,Codeforces Round 673 (Div. 1),Sep/27/2020 18:05,768,2,-71,2110,Master
38,Codeforces Round 669 (Div. 2),Sep/08/2020 17:35,42,4,+131,2181,Master
37,Educational Codeforces Round 94 (Rated for Div. 2),Aug/25/2020 17:35,383,4,+16,2050,Candidate Master
36,Codeforces Round 665 (Div. 2),Aug/21/2020 17:35,106,5,+118,2034,Candidate Master
35,Codeforces Round 664 (Div. 2),Aug/12/2020 17:35,526,3,+22,1916,Candidate Master
34,Codeforces Round 663 (Div. 2),Aug/09/2020 17:35,908,3,+1,1894,Expert
33,Codeforces Round 662 (Div. 2),Aug/07/2020 17:35,266,4,+114,1893,Expert
32,Codeforces Round 660 (Div. 2),Jul/30/2020 17:35,801,4,+67,1779,Expert
31,Educational Codeforces Round 92 (Rated for Div. 2),Jul/29/2020 17:35,1395,3,+48,1712,Expert
30,Codeforces Round 658 (Div. 2),Jul/21/2020 17:35,2788,3,-30,1664,Expert
29,Codeforces Round 654 (Div. 2),Jul/01/2020 16:35,3233,4,-46,1694,Expert
28,Codeforces Round 652 (Div. 2),Jun/23/2020 17:05,2318,3,-26,1740,Expert
27,Codeforces Round 651 (Div. 2),Jun/20/2020 17:35,1370,3,+23,1766,Expert
26,Educational Codeforces Round 85 (Rated for Div. 2),Apr/10/2020 17:35,1912,3,+17,1743,Expert
25,"Codeforces Round 631 (Div. 2) - Thanks, Denis aramis Shitov!",Apr/03/2020 17:35,3238,2,-55,1726,Expert
24,Codeforces Round 630 (Div. 2),Mar/31/2020 16:35,875,4,+73,1781,Expert
23,Educational Codeforces Round 84 (Rated for Div. 2),Mar/23/2020 17:35,2391,3,-2,1708,Expert
22,Codeforces Round 628 (Div. 2),Mar/14/2020 17:35,2096,3,-20,1710,Expert
21,"Ozon Tech Challenge 2020 (Div.1 + Div.2, Rated, T-shirts + prizes!)",Mar/03/2020 17:35,1742,3,+16,1730,Expert
20,"Codeforces Round 623 (Div. 2, based on VK Cup 2019-2020 - Elimination Round, Engine)",Feb/23/2020 19:05,640,3,-5,1714,Expert
19,Codeforces Round 620 (Div. 2),Feb/15/2020 16:05,1540,3,-1,1719,Expert
18,Codeforces Round 618 (Div. 2),Feb/09/2020 17:05,716,4,+45,1720,Expert
17,Codeforces Round 616 (Div. 2),Feb/02/2020 17:05,1625,3,-10,1675,Expert
16,Codeforces Round 613 (Div. 2),Jan/10/2020 17:05,1912,3,-30,1685,Expert
15,Codeforces Round 612 (Div. 2),Jan/05/2020 17:05,2463,1,-89,1715,Expert
14,Good Bye 2019,Dec/29/2019 17:05,2981,3,-81,1804,Expert
13,Educational Codeforces Round 79 (Rated for Div. 2),Dec/27/2019 17:40,363,4,+48,1885,Expert
12,Codeforces Round 610 (Div. 2),Dec/24/2019 17:35,243,4,+96,1837,Expert
11,Codeforces Round 609 (Div. 2),Dec/21/2019 14:05,89,4,+177,1741,Expert
10,Codeforces Global Round 6,Dec/17/2019 18:05,2151,3,+6,1564,Specialist
9,"Codeforces Round 606 (Div. 2, based on Technocup 2020 Elimination Round 4)",Dec/14/2019 14:05,641,4,+74,1558,Specialist
8,Codeforces Round 597 (Div. 2),Nov/01/2019 17:35,5647,0,-141,1484,Specialist
7,Codeforces Round 595 (Div. 3),Oct/22/2019 17:35,615,6,+30,1625,Expert
6,Codeforces Round 594 (Div. 2),Oct/20/2019 12:05,1126,3,+14,1595,Specialist
5,Codeforces Global Round 5,Oct/16/2019 17:35,1097,3,+128,1581,Specialist
4,Codeforces Round 579 (Div. 3),Aug/13/2019 17:35,2307,3,-19,1453,Specialist
3,Codeforces Round 578 (Div. 2),Aug/11/2019 15:35,2117,3,+39,1472,Specialist
2,Educational Codeforces Round 67 (Rated for Div. 2),Jun/30/2019 17:45,1801,2,+29,1433,Specialist
1,Codeforces Round 566 (Div. 2),Jun/11/2019 16:05,4485,1,-96,1404,Specialist
