#,Contest,Start time,Rank,Solved,Rating change,New rating,Title
82,"Codeforces Round 850 (Div. 1, based on VK Cup 2022 - Final Round)",Feb/05/2023 15:05,133,4,+76,2412,Grandmaster
81,"TypeDB Forces 2023 (Div. 1 + Div. 2, Rated, Prizes!)",Jan/29/2023 17:35,438,5,-17,2336,International Master
80,VK Cup 2022 - Отборочный раунд (Engine),Jan/15/2023 15:05,91,4,-67,2353,International Master
79,Hello 2023,Jan/03/2023 17:35,301,5,+7,2420,Grandmaster
78,"Polynomial Round 2022 (Div. 1 + Div. 2, Rated, Prizes!)",Dec/17/2022 17:35,176,5,+39,2413,Grandmaster
77,"CodeTON Round 3 (Div. 1 + Div. 2, Rated, Prizes!)",Nov/06/2022 17:35,347,4,-19,2374,International Master
76,Codeforces Round 831 (Div. 1 + Div. 2),Oct/29/2022 12:10,178,5,+8,2393,International Master
75,Codeforces Round 829 (Div. 1),Oct/23/2022 10:50,170,5,+48,2385,International Master
74,Codeforces Global Round 23,Oct/15/2022 17:35,523,4,-27,2337,International Master
73,Codeforces Global Round 22,Sep/30/2022 17:35,231,6,+37,2364,International Master
72,Codeforces Round 808 (Div. 1),Jul/16/2022 17:35,341,2,-27,2327,International Master
71,Codeforces Global Round 21,Jun/25/2022 17:35,414,5,-10,2354,International Master
70,Codeforces Round 792 (Div. 1 + Div. 2),May/19/2022 17:35,96,6,+123,2364,International Master
69,Codeforces Round 789 (Div. 1),May/08/2022 17:35,423,3,-35,2241,Master
68,Codeforces Global Round 20,Apr/23/2022 17:05,223,6,+87,2276,Master
67,Codeforces Round 783 (Div. 1),Apr/19/2022 17:35,288,2,+50,2189,Master
66,Технокубок 2022 - Финал,Mar/20/2022 11:15,119,4,-37,2139,Master
65,Educational Codeforces Round 122 (Rated for Div. 2),Jan/31/2022 17:35,26,5,+119,2176,Master
64,Codeforces Round 768 (Div. 1),Jan/27/2022 17:35,612,2,-34,2057,Candidate Master
63,Codeforces Round 765 (Div. 2),Jan/12/2022 15:05,160,4,+33,2091,Candidate Master
62,Hello 2022,Jan/03/2022 17:35,1101,4,-22,2058,Candidate Master
61,Good Bye 2021: 2022 is NEAR,Dec/29/2021 18:35,1107,4,-25,2080,Candidate Master
60,Codeforces Global Round 18,Dec/24/2021 17:35,573,4,+26,2105,Master
59,Educational Codeforces Round 119 (Rated for Div. 2),Dec/18/2021 18:35,47,5,+111,2079,Candidate Master
58,Codeforces Round 761 (Div. 2),Dec/16/2021 16:35,299,4,+23,1968,Candidate Master
57,"Codeforces Round 759 (Div. 2, based on Technocup 2022 Elimination Round 3)",Dec/12/2021 18:15,436,4,-13,1945,Candidate Master
56,Codeforces Round 758 (Div.1 + Div. 2),Dec/11/2021 13:05,1856,2,-108,1958,Candidate Master
55,"Deltix Round, Autumn 2021 (open for everyone, rated, Div. 1 + Div. 2)",Nov/28/2021 17:35,305,5,+116,2066,Candidate Master
54,Codeforces Global Round 17,Nov/23/2021 17:35,1522,3,-63,1950,Candidate Master
53,"Codeforces Round 755 (Div. 1, based on Technocup 2022 Elimination Round 2)",Nov/14/2021 09:05,501,1,-58,2013,Candidate Master
52,Codeforces Round 752 (Div. 1),Oct/30/2021 17:35,452,2,+48,2071,Candidate Master
51,Codeforces Round 751 (Div. 2),Oct/25/2021 09:35,14,5,+159,2023,Candidate Master
50,Technocup 2022 - Elimination Round 1,Oct/17/2021 14:05,175,4,-30,1864,Expert
49,Educational Codeforces Round 115 (Rated for Div. 2),Oct/10/2021 12:05,1276,3,-81,1894,Expert
48,Codeforces Round 745 (Div. 1),Sep/30/2021 13:15,472,1,-37,1975,Candidate Master
47,Educational Codeforces Round 114 (Rated for Div. 2),Sep/20/2021 17:35,326,4,+21,2012,Candidate Master
46,Codeforces Global Round 16,Sep/12/2021 17:35,416,6,+120,1991,Candidate Master
45,Codeforces Round 742 (Div. 2),Sep/05/2021 17:35,645,4,+17,1871,Expert
44,"Deltix Round, Summer 2021 (open for everyone, rated, Div. 1 + Div. 2)",Aug/29/2021 17:35,1564,4,-10,1854,Expert
43,Codeforces Round 741 (Div. 2),Aug/26/2021 17:35,748,4,+5,1864,Expert
42,"Codeforces Round 740 (Div. 1, based on VK Cup 2021 - Final (Engine))",Aug/24/2021 17:35,821,1,-48,1859,Expert
41,Educational Codeforces Round 111 (Rated for Div. 2),Jul/14/2021 17:35,1013,3,-20,1907,Candidate Master
40,Codeforces Round 732 (Div. 1),Jul/11/2021 17:05,756,1,-28,1927,Candidate Master
39,Codeforces Round 730 (Div. 2),Jul/07/2021 17:35,317,4,+47,1955,Candidate Master
38,Codeforces Round 729 (Div. 2),Jul/03/2021 16:05,340,3,+66,1908,Candidate Master
37,Codeforces Round 726 (Div. 2),Jun/18/2021 17:35,1733,4,-40,1842,Expert
36,Codeforces LATOKEN Round 1 (Div. 1 + Div. 2),Jun/13/2021 18:35,1160,4,-6,1882,Expert
35,"Deltix Round, Spring 2021 (open for everyone, rated, Div. 1 + Div. 2)",May/30/2021 17:35,499,3,+136,1888,Expert
34,Codeforces Round 723 (Div. 2),May/28/2021 17:05,3246,2,-85,1752,Expert
33,Codeforces Round 720 (Div. 2),May/07/2021 17:35,2287,2,-66,1837,Expert
32,Contest 2050 and Codeforces Round 718 (Div. 1 + Div. 2),Apr/23/2021 17:35,663,4,+97,1903,Candidate Master
31,Codeforces Round 717 (Div. 2),Apr/21/2021 16:35,1226,3,-15,1806,Expert
30,Codeforces Round 716 (Div. 2),Apr/19/2021 16:35,370,4,+75,1821,Expert
29,Codeforces Round 715 (Div. 2),Apr/16/2021 17:35,527,3,+53,1746,Expert
28,Divide by Zero 2021 and Codeforces Round 714 (Div. 2),Apr/11/2021 17:35,825,3,+50,1693,Expert
27,Codeforces Round 712 (Div. 2),Apr/03/2021 17:35,829,4,+51,1643,Expert
26,CodeCraft-21 and Codeforces Round 711 (Div. 2),Mar/29/2021 17:35,4437,1,-102,1592,Specialist
25,"Codeforces Round 709 (Div. 2, based on Technocup 2021 Final Round)",Mar/21/2021 16:20,934,3,-3,1694,Expert
24,Codeforces Round 706 (Div. 2),Mar/10/2021 15:05,1708,3,-34,1697,Expert
23,Educational Codeforces Round 105 (Rated for Div. 2),Mar/02/2021 17:45,725,3,+74,1731,Expert
22,Codeforces Global Round 13,Feb/28/2021 16:35,2576,3,+3,1657,Expert
21,Codeforces Round 702 (Div. 3),Feb/16/2021 17:35,313,6,+72,1654,Expert
20,Codeforces Round 701 (Div. 2),Feb/12/2021 17:50,1976,2,+17,1582,Specialist
19,Codeforces Round 700 (Div. 2),Feb/07/2021 17:35,3339,2,-32,1565,Specialist
18,Codeforces Round 699 (Div. 2),Feb/05/2021 17:35,1693,3,+39,1597,Specialist
17,Educational Codeforces Round 103 (Rated for Div. 2),Jan/29/2021 17:35,3212,2,-9,1558,Specialist
16,Codeforces Round 696 (Div. 2),Jan/19/2021 17:35,3263,2,-27,1567,Specialist
15,Codeforces Round 695 (Div. 2),Jan/08/2021 17:35,1649,2,+52,1594,Specialist
14,Codeforces Round 694 (Div. 2),Jan/05/2021 17:35,2038,3,+27,1542,Specialist
13,Codeforces Round 693 (Div. 3),Jan/04/2021 17:35,460,5,+112,1515,Specialist
12,Good Bye 2020,Dec/30/2020 17:35,5228,3,+1,1403,Specialist
11,Educational Codeforces Round 101 (Rated for Div. 2),Dec/28/2020 17:35,2681,3,+54,1402,Specialist
10,Technocup 2021 - Elimination Round 3,Dec/20/2020 18:05,525,2,-49,1348,Pupil
9,Codeforces Round 691 (Div. 2),Dec/19/2020 12:35,1976,2,+27,1397,Pupil
8,Educational Codeforces Round 100 (Rated for Div. 2),Dec/17/2020 17:35,1976,2,+103,1370,Pupil
7,Codeforces Round 690 (Div. 3),Dec/15/2020 17:35,1892,4,+75,1267,Pupil
6,"Codeforces Round 689 (Div. 2, based on Zed Code Competition)",Dec/11/2020 17:35,4476,1,+8,1192,Newbie
5,Codeforces Global Round 12,Dec/06/2020 17:35,7793,1,-80,1184,Newbie
4,Codeforces Round 688 (Div. 2),Dec/04/2020 16:05,4074,1,+5,1264,Pupil
3,Codeforces Round 686 (Div. 3),Nov/24/2020 17:35,5679,3,-40,1259,Pupil
2,Codeforces Round 661 (Div. 3),Aug/05/2020 17:35,11136,2,-101,1299,Pupil
1,Codeforces Round 634 (Div. 3),Apr/13/2020 17:35,11762,2,-100,1400,Specialist
