#,Contest,Start time,Rank,Solved,Rating change,New rating,Title
109,Codeforces Round 854 by cybercats (Div. 1 + Div. 2),Feb/27/2023 17:35,330,6,+52,2161,Master
108,Codeforces Round 851 (Div. 2),Feb/09/2023 17:35,66,5,+92,2109,Master
107,Codeforces Round 848 (Div. 2),Feb/01/2023 17:35,240,4,+26,2017,Candidate Master
106,"TypeDB Forces 2023 (Div. 1 + Div. 2, Rated, Prizes!)",Jan/29/2023 17:35,1478,3,-62,1991,Candidate Master
105,Codeforces Round 845 (Div. 2) and ByteRace 2023,Jan/21/2023 17:35,358,4,-25,2053,Candidate Master
104,"Codeforces Round 844 (Div. 1 + Div. 2, based on VK Cup 2022 - Elimination Round)",Jan/15/2023 15:05,1279,4,-78,2078,Candidate Master
103,Good Bye 2022: 2023 is NEAR,Dec/30/2022 17:35,1746,3,-86,2156,Master
102,Pinely Round 1 (Div. 1 + Div. 2),Nov/20/2022 17:35,378,4,+7,2242,Master
101,Codeforces Global Round 23,Oct/15/2022 17:35,463,4,+22,2235,Master
100,Codeforces Global Round 19,Feb/12/2022 17:35,678,5,-21,2213,Master
99,Good Bye 2021: 2022 is NEAR,Dec/29/2021 18:35,804,4,-36,2234,Master
98,Codeforces Global Round 13,Feb/28/2021 16:35,471,4,+17,2270,Master
97,Codeforces Round 659 (Div. 1),Jul/24/2020 17:35,317,2,+28,2253,Master
96,Codeforces Global Round 8,Jun/18/2020 17:45,201,5,+114,2225,Master
95,"Codeforces Round 647 (Div. 1) - Thanks, Algo Muse!",Jun/04/2020 17:35,631,2,-22,2111,Master
94,Codeforces Round 641 (Div. 1),May/12/2020 15:35,614,3,-9,2133,Master
93,Codeforces Round 635 (Div. 1),Apr/15/2020 17:35,1017,2,-77,2142,Master
92,"Codeforces Round 631 (Div. 1) - Thanks, Denis aramis Shitov!",Apr/03/2020 17:35,485,2,-1,2219,Master
91,Codeforces Global Round 7,Mar/19/2020 17:35,904,5,-43,2220,Master
90,Codeforces Round 618 (Div. 1),Feb/09/2020 17:05,381,3,-22,2263,Master
89,Codeforces Round 614 (Div. 1),Jan/19/2020 16:35,121,3,+86,2285,Master
88,Hello 2020,Jan/04/2020 15:05,1019,3,-63,2199,Master
87,Good Bye 2019,Dec/29/2019 17:05,505,4,-17,2262,Master
86,Codeforces Global Round 6,Dec/17/2019 18:05,203,5,+49,2279,Master
85,Codeforces Round 607 (Div. 1),Dec/15/2019 08:05,216,3,-40,2230,Master
84,Educational Codeforces Round 77 (Rated for Div. 2),Nov/27/2019 16:50,6,5,+179,2270,Master
83,Codeforces Round 601 (Div. 1),Nov/19/2019 17:35,612,2,-95,2091,Candidate Master
82,Codeforces Round 599 (Div. 1),Nov/06/2019 18:05,498,2,-64,2186,Master
81,"Codeforces Round 584 - Dasha Code Championship - Elimination Round (rated, open for everyone, Div. 1 + Div. 2)",Sep/14/2019 16:05,1075,4,-110,2250,Master
80,"Codeforces Round 583 (Div. 1 + Div. 2, based on Olympiad of Metropolises)",Sep/04/2019 12:05,50,6,+109,2360,International Master
79,Codeforces Round 580 (Div. 1),Aug/18/2019 16:45,91,3,+108,2251,Master
78,Codeforces Round 576 (Div. 1),Jul/30/2019 17:35,186,4,+61,2143,Master
77,Codeforces Global Round 4,Jul/20/2019 18:35,719,5,-36,2082,Candidate Master
76,Codeforces Global Round 3,Jun/01/2019 17:35,527,4,-16,2118,Master
75,Codeforces Round 562 (Div. 1),May/26/2019 18:35,240,2,-13,2134,Master
74,Codeforces Round 559 (Div. 1),May/12/2019 17:35,308,2,-73,2147,Master
73,Codeforces Round 557 (Div. 1) [based on Forethought Future Cup - Final Round],May/04/2019 20:05,147,3,+12,2220,Master
72,Codeforces Round 539 (Div. 1),Feb/16/2019 19:35,232,2,-31,2208,Master
71,Codeforces Global Round 1,Feb/07/2019 16:35,218,5,+58,2239,Master
70,Codeforces Round 530 (Div. 1),Jan/05/2019 19:35,144,3,+67,2181,Master
69,Hello 2019,Jan/04/2019 17:45,392,4,+40,2114,Master
68,Good Bye 2018,Dec/30/2018 17:35,885,4,-17,2074,Candidate Master
67,"Codeforces Round 528 (Div. 1, based on Technocup 2019 Elimination Round 4)",Dec/23/2018 16:35,373,2,-60,2091,Candidate Master
66,Avito Cool Challenge 2018,Dec/16/2018 17:35,231,5,+25,2151,Master
65,Codeforces Round 519 by Botan Investments,Oct/28/2018 18:35,395,5,+4,2126,Master
64,Mail.Ru Cup 2018 Round 1,Oct/18/2018 19:35,315,4,-1,2122,Master
63,"Codeforces Round 516 (Div. 1, by Moscow Team Olympiad)",Oct/14/2018 13:05,267,3,-33,2123,Master
62,Educational Codeforces Round 52 (Rated for Div. 2),Oct/11/2018 17:50,37,5,+86,2156,Master
61,Codeforces Round 514 (Div. 2),Oct/05/2018 17:35,82,4,+71,2070,Candidate Master
60,"Codeforces Round 512 (Div. 1, based on Technocup 2019 Elimination Round 1)",Sep/23/2018 16:05,368,1,-55,1999,Candidate Master
59,Codeforces Round 511 (Div. 1),Sep/21/2018 17:35,221,1,+33,2054,Candidate Master
58,Educational Codeforces Round 51 (Rated for Div. 2),Sep/20/2018 17:45,282,4,-14,2021,Candidate Master
57,Codeforces Round 509 (Div. 2),Sep/16/2018 13:35,451,5,-44,2035,Candidate Master
56,Codeforces Round 508 (Div. 2),Sep/06/2018 18:35,133,4,+40,2079,Candidate Master
55,"Codeforces Round 507 (Div. 1, based on Olympiad of Metropolises)",Sep/05/2018 19:35,312,0,-113,2039,Candidate Master
54,"Manthan, Codefest 18 (rated, Div. 1 + Div. 2)",Sep/02/2018 17:35,370,5,-12,2152,Master
53,"AIM Tech Round 5 (rated, Div. 1 + Div. 2)",Aug/27/2018 19:35,268,4,+11,2164,Master
52,"Codeforces Round 505 (rated, Div. 1 + Div. 2, based on VK Cup 2018 Final)",Aug/19/2018 16:35,451,3,-22,2153,Master
51,"Codeforces Round 504 (rated, Div. 1 + Div. 2, based on VK Cup 2018 Final)",Aug/17/2018 17:35,204,5,+40,2175,Master
50,Codeforces Round 499 (Div. 1),Jul/26/2018 18:05,180,4,+42,2135,Master
49,Educational Codeforces Round 47 (Rated for Div. 2),Jul/14/2018 17:35,103,5,+33,2093,Candidate Master
48,Codeforces Round 497 (Div. 1),Jul/13/2018 17:35,117,2,+132,2060,Candidate Master
47,Codeforces Round 495 (Div. 2),Jul/05/2018 19:35,242,3,+20,1928,Candidate Master
46,Codeforces Round 493 (Div. 2),Jul/01/2018 17:05,217,3,+21,1908,Candidate Master
45,"Codeforces Round 492 (Div. 1) [Thanks, uDebug!]",Jun/24/2018 19:35,355,1,-32,1887,Expert
44,Codeforces Round 491 (Div. 2),Jun/23/2018 18:35,334,5,+13,1919,Candidate Master
43,Codeforces Round 489 (Div. 2),Jun/18/2018 19:35,165,3,+70,1906,Candidate Master
42,Codeforces Round 488 by NEAR (Div. 2),Jun/16/2018 19:35,206,4,+34,1836,Expert
41,Codeforces Round 487 (Div. 2),Jun/11/2018 16:35,2493,1,-130,1802,Expert
40,Codeforces Round 485 (Div. 1),May/29/2018 18:35,326,2,+10,1932,Candidate Master
39,Avito Code Challenge 2018,May/27/2018 17:50,786,3,-51,1922,Candidate Master
38,Educational Codeforces Round 44 (Rated for Div. 2),May/21/2018 17:45,115,5,+77,1973,Candidate Master
37,Codeforces Round 484 (Div. 2),May/17/2018 19:35,490,3,-11,1896,Expert
36,"Codeforces Round 483 (Div. 2) [Thanks, Botan Investments and Victor Shaburov!]",May/15/2018 17:45,80,4,+83,1907,Candidate Master
35,Codeforces Round 482 (Div. 2),May/14/2018 17:35,1468,1,-81,1824,Expert
34,Tinkoff Internship Warmup Round 2018 and Codeforces Round 475 (Div. 1),Apr/17/2018 17:05,395,1,-47,1905,Candidate Master
33,"Divide by Zero 2018 and Codeforces Round 474 (Div. 1 + Div. 2, combined)",Apr/07/2018 19:05,699,3,-37,1952,Candidate Master
32,"Codeforces Round 468 (Div. 1, based on Technocup 2018 Final Round)",Mar/04/2018 18:35,481,2,-95,1989,Candidate Master
31,Codeforces Round 467 (Div. 1),Feb/25/2018 19:05,146,2,+48,2084,Candidate Master
30,Codeforces Round 462 (Div. 2),Feb/14/2018 15:05,8,4,+197,2036,Candidate Master
29,"Codecraft-18 and Codeforces Round 458 (Div. 1 + Div. 2, combined)",Jan/20/2018 18:35,1533,2,-73,1839,Expert
28,Hello 2018,Jan/08/2018 17:45,1239,3,-40,1912,Candidate Master
27,Good Bye 2017,Dec/29/2017 18:40,347,4,+95,1952,Candidate Master
26,Codeforces Round 455 (Div. 2),Dec/27/2017 19:35,71,4,+115,1857,Expert
25,Codeforces Round 453 (Div. 2),Dec/19/2017 18:35,1036,3,-47,1742,Expert
24,Educational Codeforces Round 34 (Rated for Div. 2),Dec/12/2017 18:05,512,3,-19,1789,Expert
23,Codeforces Round 446 (Div. 2),Nov/17/2017 17:35,104,4,+103,1808,Expert
22,Codeforces Round 439 (Div. 2),Oct/06/2017 16:35,449,2,+31,1705,Expert
21,"Manthan, Codefest 17",Sep/24/2017 17:35,1196,2,-25,1674,Expert
20,"Codeforces Round 433 (Div. 2, based on Olympiad of Metropolises)",Sep/06/2017 15:55,829,3,-22,1699,Expert
19,Codeforces Round 429 (Div. 2),Aug/18/2017 18:05,254,3,+81,1721,Expert
18,Codeforces Round 427 (Div. 2),Jul/31/2017 17:35,1047,3,-11,1640,Expert
17,"Codeforces Round 424 (Div. 2, rated, based on VK Cup Finals)",Jul/13/2017 18:05,731,3,0,1651,Expert
16,Codeforces Round 415 (Div. 2),May/20/2017 21:05,686,2,-25,1651,Expert
15,Codeforces Round 406 (Div. 2),Mar/23/2017 18:05,714,2,+10,1676,Expert
14,"ICM Technex 2017 and Codeforces Round 400 (Div. 1 + Div. 2, combined)",Feb/23/2017 17:45,1618,2,-24,1666,Expert
13,"Divide by Zero 2017 and Codeforces Round 399 (Div. 1 + Div. 2, combined)",Feb/20/2017 19:05,1647,2,-32,1690,Expert
12,Codeforces Round 397 by Kaspersky Lab and Barcelona Bootcamp (Div. 1 + Div. 2 combined),Feb/14/2017 11:05,472,4,+95,1722,Expert
11,"Codecraft-17 and Codeforces Round 391 (Div. 1 + Div. 2, combined)",Jan/12/2017 18:35,1860,2,-30,1627,Expert
10,Good Bye 2016,Dec/30/2016 17:15,1565,3,+39,1657,Expert
9,"Codeforces Round 389 (Div. 2, Rated, Based on Technocup 2017 - Elimination Round 3)",Dec/25/2016 12:05,257,3,+81,1618,Expert
8,Codeforces Round 387 (Div. 2),Dec/19/2016 05:05,488,3,+16,1537,Specialist
7,Codeforces Round 386 (Div. 2),Dec/18/2016 13:35,763,3,+39,1521,Specialist
6,Codeforces Round 385 (Div. 2),Dec/17/2016 19:35,1574,2,-8,1482,Specialist
5,Codeforces Round 381 (Div. 2),Nov/23/2016 19:35,249,3,+203,1490,Specialist
4,Codeforces Round 379 (Div. 2),Nov/15/2016 19:35,3185,2,-60,1287,Pupil
3,Codeforces Round 367 (Div. 2),Aug/11/2016 19:35,2434,2,-17,1347,Pupil
2,Codeforces Round 362 (Div. 2),Jul/14/2016 19:35,2653,1,-69,1364,Pupil
1,Codeforces Round 350 (Div. 2),May/05/2016 19:05,2136,2,-67,1433,Specialist
