#,Contest,Start time,Rank,Solved,Rating change,New rating,Title
132,"TypeDB Forces 2023 (Div. 1 + Div. 2, Rated, Prizes!)",Jan/29/2023 17:35,273,5,-25,2517,Grandmaster
131,Hello 2023,Jan/03/2023 17:35,403,5,-64,2542,Grandmaster
130,Codeforces Round 808 (Div. 1),Jul/16/2022 17:35,37,3,+121,2606,International Grandmaster
129,Codeforces Global Round 21,Jun/25/2022 17:35,272,5,-10,2485,Grandmaster
128,Codeforces Round 789 (Div. 1),May/08/2022 17:35,167,4,-1,2495,Grandmaster
127,"Codeforces Round 775 (Div. 1, based on Moscow Open Olympiad in Informatics)",Mar/06/2022 12:55,193,3,-19,2496,Grandmaster
126,Good Bye 2021: 2022 is NEAR,Dec/29/2021 18:35,316,5,-24,2515,Grandmaster
125,"Codeforces Round 707 (Div. 1, based on Moscow Open Olympiad in Informatics)",Mar/13/2021 12:05,131,2,-7,2539,Grandmaster
124,Codeforces Global Round 13,Feb/28/2021 16:35,84,6,+94,2546,Grandmaster
123,Codeforces Round 691 (Div. 1),Dec/19/2020 12:35,89,3,+67,2452,Grandmaster
122,"Codeforces Round 679 (Div. 1, based on Technocup 2021 Elimination Round 1)",Oct/25/2020 14:05,103,3,+91,2385,International Master
121,Codeforces Global Round 11,Oct/10/2020 17:50,1012,3,-81,2294,Master
120,Codeforces Round 668 (Div. 1),Sep/06/2020 17:35,427,3,-53,2375,International Master
119,Codeforces Global Round 10,Aug/16/2020 17:35,250,6,+4,2428,Grandmaster
118,Codeforces Round 664 (Div. 1),Aug/12/2020 17:35,287,2,-23,2424,Grandmaster
117,Codeforces Round 659 (Div. 1),Jul/24/2020 17:35,88,3,+90,2447,Grandmaster
116,Codeforces Round 658 (Div. 1),Jul/21/2020 17:35,142,4,+73,2357,International Master
115,"Codeforces Round 647 (Div. 1) - Thanks, Algo Muse!",Jun/04/2020 17:35,958,1,-124,2284,Master
114,Codeforces Round 635 (Div. 1),Apr/15/2020 17:35,415,3,-44,2408,Grandmaster
113,Codeforces Round 633 (Div. 1),Apr/12/2020 17:05,59,4,+127,2452,Grandmaster
112,"Codeforces Round 626 (Div. 1, based on Moscow Open Olympiad in Informatics)",Mar/07/2020 12:35,273,2,-23,2325,International Master
111,Codeforces Round 616 (Div. 1),Feb/02/2020 17:05,268,3,-28,2348,International Master
110,Codeforces Round 614 (Div. 1),Jan/19/2020 16:35,666,2,-139,2376,International Master
109,Codeforces Round 612 (Div. 1),Jan/05/2020 17:05,129,3,+2,2515,Grandmaster
108,Hello 2020,Jan/04/2020 15:05,194,5,-1,2513,Grandmaster
107,Codeforces Round 609 (Div. 1),Dec/21/2019 14:05,39,3,+89,2514,Grandmaster
106,"Codeforces Round 606 (Div. 1, based on Technocup 2020 Elimination Round 4)",Dec/14/2019 14:05,101,3,+30,2425,Grandmaster
105,Codeforces Round 601 (Div. 1),Nov/19/2019 17:35,161,4,-8,2395,International Master
104,Codeforces Global Round 5,Oct/16/2019 17:35,251,4,-4,2403,Grandmaster
103,"Manthan, Codefest 19 (open for everyone, rated, Div. 1 + Div. 2)",Aug/25/2019 17:35,120,5,+38,2407,Grandmaster
102,Codeforces Round 564 (Div. 1),Jun/07/2019 15:05,95,3,+34,2369,International Master
101,Codeforces Global Round 3,Jun/01/2019 17:35,69,5,+120,2335,International Master
100,Codeforces Round 559 (Div. 1),May/12/2019 17:35,327,1,-99,2215,Master
99,Codeforces Round 542 [Alex Lopashev Thanks-Round] (Div. 1),Feb/24/2019 18:35,89,4,+29,2314,International Master
98,Codeforces Round 534 (Div. 1),Jan/22/2019 17:35,74,2,+85,2285,Master
97,Good Bye 2018,Dec/30/2018 17:35,462,4,+9,2200,Master
96,"Codeforces Round 432 (Div. 1, based on IndiaHacks Final Round 2017)",Sep/04/2017 17:35,156,2,-11,2191,Master
95,Codeforces Round 419 (Div. 1),Jun/17/2017 17:35,129,2,+63,2202,Master
94,"Playrix Codescapes Cup (Codeforces Round 413, rated, Div. 1 + Div. 2)",May/11/2017 18:35,229,4,+37,2139,Master
93,"Codeforces Round 412 (rated, Div. 1, based on VK Cup 2017 Round 3)",May/07/2017 18:45,244,2,-44,2102,Master
92,Codeforces Round 411 (Div. 1),May/04/2017 17:50,241,3,-9,2146,Master
91,"Codeforces Round 409 (rated, Div. 1, based on VK Cup 2017 Round 2)",Apr/16/2017 18:35,88,2,+50,2155,Master
90,"Divide by Zero 2017 and Codeforces Round 399 (Div. 1 + Div. 2, combined)",Feb/20/2017 19:05,171,5,+80,2105,Master
89,Codeforces Round 381 (Div. 1),Nov/23/2016 19:35,510,0,-107,2025,Candidate Master
88,Codeforces Round 362 (Div. 1),Jul/14/2016 19:35,140,3,+47,2132,Master
87,Codeforces Round 352 (Div. 1),May/11/2016 19:35,349,1,-78,2085,Candidate Master
86,"Codeforces Round 348 (VK Cup 2016 Round 2, Div. 1 Edition)",Apr/24/2016 19:35,117,3,-3,2163,Master
85,"Manthan, Codefest 16",Feb/26/2016 20:15,416,3,-70,2166,Master
84,Wunder Fund Round 2016 (Div. 1 + Div. 2 combined),Jan/29/2016 20:10,223,4,+5,2236,Master
83,Codeforces Round 339 (Div. 1),Jan/14/2016 19:35,127,2,+14,2231,Master
82,Good Bye 2015,Dec/30/2015 18:05,178,5,+42,2217,Master
81,Codeforces Round 334 (Div. 1),Dec/01/2015 18:35,218,2,-39,2175,Master
80,Codeforces Round 326 (Div. 1),Oct/15/2015 19:30,412,1,-79,2214,Master
79,Codeforces Round 323 (Div. 1),Oct/03/2015 19:45,207,2,-32,2293,Master
78,Codeforces Round 320 (Div. 1) [Bayan Thanks-Round],Sep/16/2015 18:15,110,3,+32,2325,International Master
77,Codeforces Round 318 [RussianCodeCup Thanks-Round] (Div. 1),Aug/29/2015 19:30,76,3,+127,2293,Master
76,Codeforces Round 317 [AimFund Thanks-Round] (Div. 1),Aug/22/2015 19:30,429,0,-106,2166,Master
75,Codeforces Round 315 (Div. 1),Aug/10/2015 19:30,319,2,-110,2272,Master
74,Codeforces Round 313 (Div. 1),Jul/22/2015 17:00,40,3,+121,2382,International Master
73,Codeforces Round 310 (Div. 1),Jun/27/2015 17:10,188,3,-12,2261,Master
72,Looksery Cup 2015,Jun/06/2015 16:00,245,4,+39,2273,Master
71,Codeforces Round 300,Apr/26/2015 19:00,330,5,-62,2234,Master
70,Codeforces Round 290 (Div. 1),Feb/02/2015 19:30,102,3,+76,2296,Master
69,Codeforces Round 286 (Div. 1),Jan/18/2015 16:00,221,1,-68,2220,Master
68,Good Bye 2014,Dec/30/2014 18:00,107,5,+129,2288,Master
67,Codeforces Round 284 (Div. 1),Dec/24/2014 19:30,70,3,+139,2159,Master
66,Codeforces Round 272 (Div. 1),Oct/12/2014 18:00,183,2,+131,2020,Candidate Master
65,Bayan 2015 Contest Warm Up,Oct/05/2014 17:00,1712,1,-121,1889,Expert
64,Codeforces Round 270,Sep/28/2014 19:35,465,4,-85,2010,Candidate Master
63,Codeforces Round 268 (Div. 1),Sep/20/2014 17:00,809,0,-107,2095,Candidate Master
62,Codeforces Round 265 (Div. 1),Sep/07/2014 19:30,109,2,+68,2202,Master
61,Codeforces Round 263 (Div. 1),Aug/26/2014 18:00,50,3,+192,2134,Master
60,MemSQL Start[c]UP 2.0 - Round 2 - Online Round,Aug/10/2014 21:00,225,2,+70,1942,Candidate Master
59,Codeforces Round 260 (Div. 1),Aug/08/2014 19:30,455,1,-50,1872,Expert
58,Codeforces Round 259 (Div. 1),Aug/01/2014 19:30,368,1,-59,1922,Candidate Master
57,MemSQL Start[c]UP 2.0 - Round 1,Jul/27/2014 21:00,578,2,-90,1981,Candidate Master
56,Codeforces Round 253 (Div. 1),Jun/19/2014 19:30,382,1,-104,2071,Candidate Master
55,Zepto Code Rush 2014,Jun/13/2014 19:30,137,3,+114,2175,Master
54,Codeforces Round 250 (Div. 1),Jun/01/2014 17:00,199,2,-6,2061,Candidate Master
53,Codeforces Round 248 (Div. 1),May/24/2014 11:00,222,1,-73,2067,Candidate Master
52,Codeforces Round 245 (Div. 1),May/11/2014 19:40,97,3,+88,2140,Master
51,Codeforces Round 240 (Div. 1),Apr/06/2014 19:40,173,3,+64,2052,Candidate Master
50,Codeforces Round 236 (Div. 1),Mar/16/2014 19:30,291,1,-66,1988,Candidate Master
49,Codeforces Round 228 (Div. 1),Feb/03/2014 19:40,99,3,+155,2054,Candidate Master
48,Codeforces Round 225 (Div. 1),Jan/20/2014 19:30,156,2,+131,1899,Expert
47,Good Bye 2013,Dec/30/2013 19:30,1522,2,-119,1768,Expert
46,Codeforces Round 222 (Div. 1),Dec/29/2013 19:30,163,2,+118,1887,Expert
45,Codeforces Round 221 (Div. 1),Dec/24/2013 18:00,270,2,+30,1769,Expert
44,Codeforces Round 219 (Div. 1),Dec/13/2013 18:00,556,0,-78,1739,Expert
43,Codeforces Round 200 (Div. 1),Sep/14/2013 19:30,265,3,+47,1817,Expert
42,Codeforces Round 192 (Div. 1),Jul/20/2013 17:30,275,2,+34,1770,Expert
41,Codeforces Round 189 (Div. 1),Jun/23/2013 17:00,386,1,-53,1736,Expert
40,Codeforces Round 188 (Div. 1),Jun/14/2013 19:30,415,1,-52,1789,Expert
39,ABBYY Cup 3.0,Jun/12/2013 17:00,388,6,-1,1841,Expert
38,Codeforces Round 179 (Div. 1),Apr/11/2013 19:30,477,1,-75,1842,Expert
37,Codeforces Round 177 (Div. 1),Apr/02/2013 19:30,238,3,+10,1917,Candidate Master
36,Codeforces Round 174 (Div. 1),Mar/17/2013 19:30,261,2,-32,1907,Candidate Master
35,Codeforces Round 172 (Div. 1),Mar/10/2013 19:30,78,2,+118,1939,Candidate Master
34,Codeforces Round 170 (Div. 1),Feb/28/2013 19:30,333,1,-20,1821,Expert
33,Codeforces Round 162 (Div. 1),Jan/20/2013 17:00,289,2,-18,1841,Expert
32,Codeforces Round 157 (Div. 1),Dec/22/2012 19:30,282,1,-48,1859,Expert
31,Codeforces Round 153 (Div. 1),Dec/06/2012 19:30,80,3,+117,1907,Candidate Master
30,Codeforces Round 140 (Div. 1),Sep/24/2012 19:30,169,2,+49,1790,Expert
29,Codeforces Round 136 (Div. 1),Aug/31/2012 19:30,268,1,+12,1741,Expert
28,Codeforces Round 134 (Div. 2),Aug/18/2012 11:05,50,3,+56,1729,Expert
27,Codeforces Round 133 (Div. 2),Aug/14/2012 19:30,163,2,-24,1673,Expert
26,Codeforces Round 132 (Div. 2),Aug/06/2012 19:30,62,2,+111,1697,Expert
25,Codeforces Round 131 (Div. 2),Jul/30/2012 19:30,303,2,-45,1586,Specialist
24,Codeforces Round 130 (Div. 2),Jul/23/2012 19:30,51,3,+189,1631,Expert
23,Codeforces Round 126 (Div. 2),Jun/24/2012 19:30,725,1,-78,1442,Specialist
22,Codeforces Round 125 (Div. 2),Jun/22/2012 19:30,685,1,-87,1520,Specialist
21,Codeforces Round 123 (Div. 2),Jun/10/2012 19:30,214,2,-40,1607,Expert
20,Codeforces Round 122 (Div. 2),Jun/03/2012 19:30,141,2,+34,1647,Expert
19,Codeforces Round 121 (Div. 2),May/27/2012 19:30,127,3,+69,1613,Expert
18,VK Cup 2012 Round 3 (Unofficial Div. 2 Edition),Apr/08/2012 19:05,145,2,-5,1544,Specialist
17,Codeforces Round 114 (Div. 2),Mar/27/2012 19:00,193,2,+109,1549,Specialist
16,VK Cup 2012 Round 2 (Unofficial Div. 2 Edition),Mar/25/2012 19:05,533,1,-97,1440,Specialist
15,Codeforces Round 113 (Div. 2),Mar/23/2012 19:30,444,2,-68,1537,Specialist
14,Codeforces Round 112 (Div. 2),Mar/16/2012 19:30,343,2,-70,1605,Expert
13,VK Cup 2012 Round 1,Mar/11/2012 19:05,779,2,-27,1675,Expert
12,Codeforces Round 110 (Div. 2),Feb/29/2012 21:30,7,4,+127,1702,Expert
11,Codeforces Round 109 (Div. 2),Feb/24/2012 19:00,365,2,-39,1575,Specialist
10,Codeforces Round 108 (Div. 2),Feb/20/2012 19:00,101,3,+154,1614,Expert
9,Codeforces Round 105 (Div. 2),Feb/02/2012 20:00,1248,0,-76,1460,Specialist
8,Codeforces Round 103 (Div. 2),Jan/18/2012 19:05,921,1,-77,1536,Specialist
7,Codeforces Round 100,Jan/04/2012 19:00,685,1,+130,1613,Expert
6,Codeforces Beta Round 97 (Div. 2),Dec/09/2011 19:05,288,3,+171,1483,Specialist
5,Codeforces Beta Round 92 (Div. 2 Only),Nov/03/2011 19:10,867,1,-47,1312,Pupil
4,Codeforces Beta Round 91 (Div. 2 Only),Oct/27/2011 19:00,938,1,-62,1359,Pupil
3,Codeforces Beta Round 88,Sep/23/2011 19:00,788,0,-39,1421,Specialist
2,Codeforces Beta Round 76 (Div. 2 Only),Jun/30/2011 19:00,446,2,-45,1460,Specialist
1,Codeforces Beta Round 65 (Div. 2),Mar/29/2011 19:00,264,2,+5,1505,Specialist
