#,Contest,Start time,Rank,Solved,Rating change,New rating,Title
80,"Codeforces Round 844 (Div. 1 + Div. 2, based on VK Cup 2022 - Elimination Round)",Jan/15/2023 15:05,578,4,-138,2601,International Grandmaster
79,Hello 2023,Jan/03/2023 17:35,42,7,+98,2739,International Grandmaster
78,Codeforces Global Round 3,Jun/01/2019 17:35,91,5,-14,2641,International Grandmaster
77,Codeforces Global Round 2,Apr/06/2019 14:35,131,5,-52,2655,International Grandmaster
76,Codeforces Global Round 1,Feb/07/2019 16:35,56,6,+26,2707,International Grandmaster
75,Good Bye 2018,Dec/30/2018 17:35,48,6,+56,2681,International Grandmaster
74,"Codeforces Round 528 (Div. 1, based on Technocup 2019 Elimination Round 4)",Dec/23/2018 16:35,102,2,-69,2625,International Grandmaster
73,"Codeforces Round 513 by Barcelona Bootcamp (rated, Div. 1 + Div. 2)",Oct/04/2018 10:05,54,5,-28,2694,International Grandmaster
72,"AIM Tech Round 5 (rated, Div. 1 + Div. 2)",Aug/27/2018 19:35,35,6,+16,2722,International Grandmaster
71,"Codeforces Round 504 (rated, Div. 1 + Div. 2, based on VK Cup 2018 Final)",Aug/17/2018 17:35,28,6,+32,2706,International Grandmaster
70,Codeforces Round 500 (Div. 1) [based on EJOI],Jul/30/2018 11:15,17,4,+64,2674,International Grandmaster
69,"Codeforces Round 492 (Div. 1) [Thanks, uDebug!]",Jun/24/2018 19:35,25,4,+63,2610,International Grandmaster
68,"Codeforces Round 477 (rated, Div. 1, based on VK Cup 2018 Round 3)",Apr/29/2018 16:15,116,2,-77,2547,Grandmaster
67,Good Bye 2017,Dec/29/2017 18:40,42,6,+43,2624,International Grandmaster
66,"Codeforces Round 433 (Div. 1, based on Olympiad of Metropolises)",Sep/06/2017 15:55,231,3,-146,2581,Grandmaster
65,AIM Tech Round 4 (Div. 1),Aug/24/2017 19:35,3,4,+249,2727,International Grandmaster
64,"Codeforces Round 423 (Div. 1, rated, based on VK Cup Finals)",Jul/11/2017 19:45,343,2,-169,2478,Grandmaster
63,"Tinkoff Challenge - Final Round (Codeforces Round 414, rated, Div. 1 + Div. 2)",May/13/2017 12:35,90,4,-57,2647,International Grandmaster
62,"Playrix Codescapes Cup (Codeforces Round 413, rated, Div. 1 + Div. 2)",May/11/2017 18:35,70,5,-34,2704,International Grandmaster
61,"Codeforces Round 412 (rated, Div. 1, based on VK Cup 2017 Round 3)",May/07/2017 18:45,14,4,+79,2738,International Grandmaster
60,Codeforces Round 407 (Div. 1),Mar/29/2017 19:05,31,3,+31,2659,International Grandmaster
59,"ICM Technex 2017 and Codeforces Round 400 (Div. 1 + Div. 2, combined)",Feb/23/2017 17:45,37,6,+41,2628,International Grandmaster
58,"Divide by Zero 2017 and Codeforces Round 399 (Div. 1 + Div. 2, combined)",Feb/20/2017 19:05,60,5,+12,2587,Grandmaster
57,Codeforces Round 397 by Kaspersky Lab and Barcelona Bootcamp (Div. 1 + Div. 2 combined),Feb/14/2017 11:05,84,5,-22,2575,Grandmaster
56,8VC Venture Cup 2017 - Final Round,Jan/22/2017 21:15,53,4,-25,2597,Grandmaster
55,8VC Venture Cup 2017 - Elimination Round,Jan/15/2017 20:05,75,5,+7,2622,International Grandmaster
54,"Codecraft-17 and Codeforces Round 391 (Div. 1 + Div. 2, combined)",Jan/12/2017 18:35,122,4,-61,2615,International Grandmaster
53,Good Bye 2016,Dec/30/2016 17:15,57,5,+16,2676,International Grandmaster
52,Codeforces Round 385 (Div. 1),Dec/17/2016 19:35,115,3,-102,2660,International Grandmaster
51,Codeforces Round 371 (Div. 1),Sep/13/2016 19:35,15,4,+60,2762,International Grandmaster
50,Codeforces Round 363 (Div. 1),Jul/19/2016 16:05,14,4,+68,2702,International Grandmaster
49,"Codeforces Round 351 (VK Cup 2016 Round 3, Div. 1 Edition)",May/07/2016 18:05,21,4,+21,2634,International Grandmaster
48,Codeforces Round 349 (Div. 1),Apr/29/2016 19:35,45,2,-22,2613,International Grandmaster
47,"Codeforces Round 348 (VK Cup 2016 Round 2, Div. 1 Edition)",Apr/24/2016 19:35,15,4,+64,2635,International Grandmaster
46,Codeforces Round 345 (Div. 1),Mar/07/2016 12:25,12,4,+137,2571,Grandmaster
45,Codeforces Round 339 (Div. 1),Jan/14/2016 19:35,49,3,+44,2434,Grandmaster
44,Codeforces Round 325 (Div. 1),Oct/12/2015 12:10,130,2,-35,2390,International Master
43,Codeforces Round 319 (Div. 1),Sep/10/2015 19:30,9,4,+129,2425,Grandmaster
42,Codeforces Round 315 (Div. 1),Aug/10/2015 19:30,246,2,-94,2296,Master
41,Codeforces Round 313 (Div. 1),Jul/22/2015 17:00,245,2,-108,2390,International Master
40,Codeforces Round 310 (Div. 1),Jun/27/2015 17:10,30,4,+87,2498,Grandmaster
39,Looksery Cup 2015,Jun/06/2015 16:00,168,5,+5,2411,Grandmaster
38,Codeforces Round 290 (Div. 1),Feb/02/2015 19:30,122,3,-61,2406,Grandmaster
37,Codeforces Round 286 (Div. 1),Jan/18/2015 16:00,16,3,+91,2467,Grandmaster
36,Codeforces Round 285 (Div. 1),Jan/12/2015 12:00,38,2,+63,2376,International Master
35,Good Bye 2014,Dec/30/2014 18:00,115,5,+87,2313,International Master
34,Codeforces Round 274 (Div. 1),Oct/19/2014 13:00,64,3,+83,2226,Master
33,Codeforces Round 272 (Div. 1),Oct/12/2014 18:00,515,1,-111,2143,Master
32,Codeforces Round 259 (Div. 1),Aug/01/2014 19:30,102,3,+3,2254,Master
31,Codeforces Round 240 (Div. 1),Apr/06/2014 19:40,218,3,-86,2251,Master
30,Codeforces Round 236 (Div. 1),Mar/16/2014 19:30,31,3,+60,2337,International Master
29,Codeforces Round 228 (Div. 1),Feb/03/2014 19:40,80,3,+43,2277,Master
28,Good Bye 2013,Dec/30/2013 19:30,90,4,+56,2234,Master
27,Codeforces Round 222 (Div. 1),Dec/29/2013 19:30,107,3,+23,2178,Master
26,Codeforces Round 207 (Div. 1),Oct/15/2013 16:00,184,2,-67,2155,Master
25,Codeforces Round 200 (Div. 1),Sep/14/2013 19:30,63,4,+57,2222,Master
24,Codeforces Round 192 (Div. 1),Jul/20/2013 17:30,50,3,+94,2165,Master
23,ABBYY Cup 3.0 - Finals (online version),Jul/17/2013 19:30,101,5,-23,2071,Candidate Master
22,Codeforces Round 189 (Div. 1),Jun/23/2013 17:00,123,2,+10,2094,Candidate Master
21,Codeforces Round 187 (Div. 1),Jun/07/2013 19:30,249,1,-77,2084,Candidate Master
20,Codeforces Round 183 (Div. 1),May/12/2013 17:00,39,3,+89,2161,Master
19,Codeforces Round 177 (Div. 1),Apr/02/2013 19:30,288,3,-84,2072,Candidate Master
18,Codeforces Round 174 (Div. 1),Mar/17/2013 19:30,79,3,+50,2156,Master
17,Codeforces Round 172 (Div. 1),Mar/10/2013 19:30,24,3,+125,2106,Master
16,Codeforces Round 167 (Div. 1),Feb/13/2013 19:30,184,2,-18,1981,Candidate Master
15,Codeforces Round 165 (Div. 1),Feb/01/2013 19:30,72,3,+145,1999,Candidate Master
14,Codeforces Round 157 (Div. 1),Dec/22/2012 19:30,246,2,-12,1854,Expert
13,Codeforces Round 156 (Div. 1),Dec/16/2012 19:30,386,0,-83,1866,Expert
12,Codeforces Round 146 (Div. 1),Oct/21/2012 11:10,58,2,+106,1949,Candidate Master
11,Codeforces Round 138 (Div. 1),Sep/16/2012 19:30,80,2,+121,1843,Expert
10,Codeforces Round 136 (Div. 1),Aug/31/2012 19:30,385,1,-57,1722,Expert
9,Codeforces Round 131 (Div. 1),Jul/30/2012 19:30,171,1,-17,1779,Expert
8,Codeforces Round 129 (Div. 1),Jul/11/2012 19:30,175,2,+3,1796,Expert
7,ABBYY Cup 2.0 - Hard,Apr/28/2012 16:00,155,10,+14,1793,Expert
6,Croc Champ 2012 - Final,Apr/27/2012 17:20,62,2,+42,1779,Expert
5,Codeforces Round 115,Apr/14/2012 12:00,148,3,+79,1737,Expert
4,VK Cup 2012 Round 3 (Unofficial Div. 2 Edition),Apr/08/2012 19:05,79,2,-39,1658,Expert
3,Croc Champ 2012 - Round 1,Apr/06/2012 19:00,150,3,+186,1697,Expert
2,VK Cup 2012 Round 2 (Unofficial Div. 2 Edition),Mar/25/2012 19:05,55,3,+113,1511,Specialist
1,VK Cup 2012 Round 1,Mar/11/2012 19:05,1234,1,-102,1398,Pupil
