#,Contest,Start time,Rank,Solved,Rating change,New rating,Title
87,Pinely Round 1 (Div. 1 + Div. 2),Nov/20/2022 17:35,375,4,+53,2116,Master
86,"CodeTON Round 3 (Div. 1 + Div. 2, Rated, Prizes!)",Nov/06/2022 17:35,629,4,+19,2063,Candidate Master
85,Codeforces Round 824 (Div. 2),Oct/02/2022 17:35,317,4,-5,2044,Candidate Master
84,Codeforces Global Round 22,Sep/30/2022 17:35,507,4,+64,2049,Candidate Master
83,Codeforces Round 821 (Div. 2),Sep/19/2022 17:35,183,5,+58,1985,Candidate Master
82,Codeforces Round 818 (Div. 2),Sep/02/2022 17:35,805,4,-33,1927,Candidate Master
81,Educational Codeforces Round 134 (Rated for Div. 2),Aug/27/2022 17:35,474,4,-3,1960,Candidate Master
80,Codeforces Round 812 (Div. 2),Aug/06/2022 17:35,153,4,+100,1963,Candidate Master
79,"CodeTON Round 2 (Div. 1 + Div. 2, Rated, Prizes!)",Jul/31/2022 17:05,5745,2,-194,1863,Expert
78,Educational Codeforces Round 132 (Rated for Div. 2),Jul/21/2022 17:35,98,4,+88,2057,Candidate Master
77,Codeforces Round 809 (Div. 2),Jul/18/2022 17:35,221,4,+67,1969,Candidate Master
76,Codeforces Round 807 (Div. 2),Jul/15/2022 16:35,238,4,+77,1902,Candidate Master
75,Codeforces Round 803 (Div. 2),Jun/28/2022 17:35,1119,4,-22,1825,Expert
74,Codeforces Global Round 21,Jun/25/2022 17:35,4456,2,-154,1847,Expert
73,Codeforces Round 801 (Div. 2) and EPIC Institute of Technology Round,Jun/18/2022 17:35,188,3,+55,2001,Candidate Master
72,Codeforces Round 800 (Div. 2),Jun/16/2022 17:35,44,4,+147,1946,Candidate Master
71,Codeforces Round 796 (Div. 2),Jun/03/2022 17:35,357,4,+57,1799,Expert
70,CodeCraft-22 and Codeforces Round 795 (Div. 2),May/31/2022 17:35,1793,3,-42,1742,Expert
69,Educational Codeforces Round 129 (Rated for Div. 2),May/23/2022 17:35,1107,4,-9,1784,Expert
68,Codeforces Round 793 (Div. 2),May/22/2022 17:35,2299,3,-81,1793,Expert
67,Codeforces Round 792 (Div. 1 + Div. 2),May/19/2022 17:35,1867,3,-51,1874,Expert
66,Codeforces Round 789 (Div. 2),May/08/2022 17:35,251,4,+26,1925,Candidate Master
65,Codeforces Round 788 (Div. 2),May/06/2022 17:35,1181,3,-69,1899,Expert
64,Educational Codeforces Round 126 (Rated for Div. 2),Apr/09/2022 17:35,2080,2,-127,1968,Candidate Master
63,Codeforces Round 779 (Div. 2),Mar/27/2022 17:35,179,4,+18,2095,Candidate Master
62,"CodeTON Round 1 (Div. 1 + Div. 2, Rated, Prizes!)",Mar/24/2022 17:35,438,5,+82,2077,Candidate Master
61,Educational Codeforces Round 125 (Rated for Div. 2),Mar/22/2022 17:45,665,3,-38,1995,Candidate Master
60,Codeforces Round 777 (Div. 2),Mar/11/2022 17:35,236,4,+26,2033,Candidate Master
59,Educational Codeforces Round 124 (Rated for Div. 2),Mar/10/2022 17:35,94,4,+93,2007,Candidate Master
58,Codeforces Round 773 (Div. 1),Feb/23/2022 13:10,808,1,-61,1914,Candidate Master
57,Educational Codeforces Round 123 (Rated for Div. 2),Feb/22/2022 17:35,34,5,+188,1975,Candidate Master
56,Codeforces Round 772 (Div. 2),Feb/20/2022 17:35,602,4,+36,1787,Expert
55,Codeforces Round 770 (Div. 2),Feb/06/2022 17:35,1304,3,+3,1751,Expert
54,Educational Codeforces Round 122 (Rated for Div. 2),Jan/31/2022 17:35,605,4,+59,1748,Expert
53,Codeforces Round 769 (Div. 2),Jan/30/2022 17:35,14879,0,-217,1689,Expert
52,Hello 2022,Jan/03/2022 17:35,2154,3,-59,1906,Candidate Master
51,Good Bye 2021: 2022 is NEAR,Dec/29/2021 18:35,1429,4,-20,1965,Candidate Master
50,Educational Codeforces Round 120 (Rated for Div. 2),Dec/27/2021 17:35,473,4,-5,1985,Candidate Master
49,Codeforces Global Round 18,Dec/24/2021 17:35,985,3,-4,1990,Candidate Master
48,Educational Codeforces Round 118 (Rated for Div. 2),Dec/01/2021 17:35,111,5,+104,1994,Candidate Master
47,Codeforces Round 754 (Div. 2),Nov/12/2021 17:35,720,3,-14,1890,Expert
46,Educational Codeforces Round 116 (Rated for Div. 2),Oct/29/2021 17:35,1420,3,-65,1904,Candidate Master
45,Codeforces Round 750 (Div. 2),Oct/24/2021 13:05,518,5,-20,1969,Candidate Master
44,Educational Codeforces Round 114 (Rated for Div. 2),Sep/20/2021 17:35,1025,3,-61,1989,Candidate Master
43,Codeforces Global Round 16,Sep/12/2021 17:35,494,6,+74,2050,Candidate Master
42,Educational Codeforces Round 113 (Rated for Div. 2),Sep/08/2021 17:35,67,4,+150,1976,Candidate Master
41,Codeforces Round 742 (Div. 2),Sep/05/2021 17:35,463,4,+64,1826,Expert
40,"Deltix Round, Summer 2021 (open for everyone, rated, Div. 1 + Div. 2)",Aug/29/2021 17:35,869,4,+107,1762,Expert
39,Codeforces Round 741 (Div. 2),Aug/26/2021 17:35,1805,3,-6,1655,Expert
38,Codeforces Round 738 (Div. 2),Aug/15/2021 17:35,4051,3,-81,1661,Expert
37,Codeforces Round 737 (Div. 2),Aug/09/2021 17:35,1135,3,+23,1742,Expert
36,Codeforces Round 736 (Div. 2),Aug/01/2021 17:35,1466,3,-18,1719,Expert
35,Educational Codeforces Round 112 (Rated for Div. 2),Jul/30/2021 17:35,1989,4,-32,1737,Expert
34,"Codeforces Round 733 (Div. 1 + Div. 2, based on VK Cup 2021 - Elimination (Engine))",Jul/17/2021 17:35,1966,4,-17,1769,Expert
33,Educational Codeforces Round 111 (Rated for Div. 2),Jul/14/2021 17:35,337,3,+120,1786,Expert
32,Codeforces Round 732 (Div. 2),Jul/11/2021 17:05,3360,2,-79,1666,Expert
31,Codeforces Round 726 (Div. 2),Jun/18/2021 17:35,595,5,+90,1745,Expert
30,Codeforces Round 724 (Div. 2),Jun/06/2021 17:35,5056,2,-118,1655,Expert
29,Educational Codeforces Round 110 (Rated for Div. 2),Jun/04/2021 17:35,1055,4,+14,1773,Expert
28,"Deltix Round, Spring 2021 (open for everyone, rated, Div. 1 + Div. 2)",May/30/2021 17:35,1783,3,+3,1759,Expert
27,Codeforces Round 722 (Div. 2),May/24/2021 17:35,769,3,+26,1756,Expert
26,Codeforces Round 720 (Div. 2),May/07/2021 17:35,1469,2,+9,1730,Expert
25,Codeforces Global Round 14,May/02/2021 17:35,1773,4,+31,1721,Expert
24,Educational Codeforces Round 108 (Rated for Div. 2),Apr/29/2021 17:35,2049,3,-24,1690,Expert
23,Codeforces Round 715 (Div. 2),Apr/16/2021 17:35,4680,2,-130,1714,Expert
22,Codeforces Round 712 (Div. 2),Apr/03/2021 17:35,325,4,+52,1844,Expert
21,"Codeforces Round 709 (Div. 2, based on Technocup 2021 Final Round)",Mar/21/2021 16:20,1481,2,-73,1792,Expert
20,"Codeforces Round 707 (Div. 2, based on Moscow Open Olympiad in Informatics)",Mar/13/2021 12:05,36,3,+191,1865,Expert
19,Codeforces Round 706 (Div. 2),Mar/10/2021 15:05,1668,3,-24,1674,Expert
18,Codeforces Round 705 (Div. 2),Mar/06/2021 17:05,1450,2,-2,1698,Expert
17,Codeforces Global Round 13,Feb/28/2021 16:35,2386,3,+1,1700,Expert
16,Codeforces Round 704 (Div. 2),Feb/23/2021 12:05,869,3,+53,1699,Expert
15,Codeforces Round 703 (Div. 2),Feb/18/2021 17:35,1816,3,+21,1646,Expert
14,Educational Codeforces Round 104 (Rated for Div. 2),Feb/15/2021 17:35,4390,2,-83,1625,Expert
13,Codeforces Round 701 (Div. 2),Feb/12/2021 17:50,575,3,+110,1708,Expert
12,Codeforces Round 700 (Div. 2),Feb/07/2021 17:35,4338,2,-68,1598,Specialist
11,Codeforces Round 699 (Div. 2),Feb/05/2021 17:35,2610,3,-32,1666,Expert
10,Educational Codeforces Round 103 (Rated for Div. 2),Jan/29/2021 17:35,1325,4,+36,1698,Expert
9,Codeforces Round 698 (Div. 2),Jan/28/2021 17:35,1000,3,+46,1662,Expert
8,Codeforces Round 696 (Div. 2),Jan/19/2021 17:35,1179,3,+69,1616,Expert
7,Educational Codeforces Round 102 (Rated for Div. 2),Jan/14/2021 17:35,1463,3,+65,1547,Specialist
6,Codeforces Round 695 (Div. 2),Jan/08/2021 17:35,5911,1,-12,1482,Specialist
5,Codeforces Round 694 (Div. 2),Jan/05/2021 17:35,3698,3,+65,1494,Specialist
4,Good Bye 2020,Dec/30/2020 17:35,3318,4,+165,1429,Specialist
3,Educational Codeforces Round 101 (Rated for Div. 2),Dec/28/2020 17:35,1876,3,+285,1264,Pupil
2,"Codeforces Round 692 (Div. 2, based on Technocup 2021 Elimination Round 3)",Dec/20/2020 18:05,1492,2,+372,979,Newbie
1,Codeforces Round 691 (Div. 2),Dec/19/2020 12:35,689,3,+607,607,Newbie
