#,Contest,Start time,Rank,Solved,Rating change,New rating,Title
156,Codeforces Round 854 by cybercats (Div. 1 + Div. 2),Feb/27/2023 17:35,547,5,-7,2150,Master
155,"Codeforces Round 850 (Div. 1, based on VK Cup 2022 - Final Round)",Feb/05/2023 15:05,593,2,-40,2157,Master
154,"TypeDB Forces 2023 (Div. 1 + Div. 2, Rated, Prizes!)",Jan/29/2023 17:35,296,5,+77,2197,Master
153,"Codeforces Round 844 (Div. 1 + Div. 2, based on VK Cup 2022 - Elimination Round)",Jan/15/2023 15:05,662,4,-7,2120,Master
152,Hello 2023,Jan/03/2023 17:35,996,4,-30,2127,Master
151,Good Bye 2022: 2023 is NEAR,Dec/30/2022 17:35,828,4,+3,2157,Master
150,Codeforces Round 841 (Div. 2) and Divide by Zero 2022,Dec/27/2022 17:35,62,5,+73,2154,Master
149,Codeforces Round 840 (Div. 2) and Enigma 2022 - Cybros LNMIIT,Dec/19/2022 17:35,82,4,+80,2081,Candidate Master
148,Educational Codeforces Round 140 (Rated for Div. 2),Dec/16/2022 17:35,94,4,+109,2001,Candidate Master
147,Codeforces Round 838 (Div. 2),Dec/15/2022 17:35,241,4,+75,1892,Expert
146,Educational Codeforces Round 139 (Rated for Div. 2),Dec/12/2022 17:35,33,5,+264,1817,Expert
145,Pinely Round 1 (Div. 1 + Div. 2),Nov/20/2022 17:35,7830,0,-213,1553,Specialist
144,Codeforces Round 833 (Div. 2),Nov/12/2022 17:35,3101,1,-116,1766,Expert
143,Codeforces Global Round 23,Oct/15/2022 17:35,2460,3,-86,1882,Expert
142,Educational Codeforces Round 136 (Rated for Div. 2),Sep/29/2022 17:35,198,4,+50,1968,Candidate Master
141,Codeforces Round 822 (Div. 2),Sep/23/2022 15:05,741,4,-30,1918,Candidate Master
140,Codeforces Round 821 (Div. 2),Sep/19/2022 17:35,209,5,+61,1948,Candidate Master
139,Educational Codeforces Round 135 (Rated for Div. 2),Sep/08/2022 17:35,500,4,+18,1887,Expert
138,Educational Codeforces Round 134 (Rated for Div. 2),Aug/27/2022 17:35,3419,3,-138,1869,Expert
137,Codeforces Round 816 (Div. 2),Aug/20/2022 17:35,986,3,-66,2007,Candidate Master
136,Codeforces Round 815 (Div. 2),Aug/18/2022 16:35,261,4,+10,2073,Candidate Master
135,Codeforces Round 814 (Div. 1),Aug/16/2022 17:35,497,3,-1,2063,Candidate Master
134,Codeforces Round 813 (Div. 2),Aug/13/2022 17:35,109,5,+92,2064,Candidate Master
133,Educational Codeforces Round 133 (Rated for Div. 2),Aug/04/2022 17:35,242,4,+64,1972,Candidate Master
132,Educational Codeforces Round 132 (Rated for Div. 2),Jul/21/2022 17:35,169,4,+107,1908,Candidate Master
131,Codeforces Round 808 (Div. 2),Jul/16/2022 17:35,143,4,+141,1801,Expert
130,Educational Codeforces Round 131 (Rated for Div. 2),Jul/08/2022 17:35,186,4,+206,1660,Expert
129,Codeforces Round 801 (Div. 2) and EPIC Institute of Technology Round,Jun/18/2022 17:35,9485,0,-175,1454,Specialist
128,Codeforces Round 800 (Div. 2),Jun/16/2022 17:35,4445,2,-97,1629,Expert
127,Educational Codeforces Round 130 (Rated for Div. 2),Jun/12/2022 17:35,1360,3,-16,1726,Expert
126,Codeforces Round 798 (Div. 2),Jun/10/2022 19:35,8173,0,-226,1742,Expert
125,Codeforces Round 796 (Div. 1),Jun/03/2022 17:35,624,2,-60,1968,Candidate Master
124,CodeCraft-22 and Codeforces Round 795 (Div. 2),May/31/2022 17:35,36,5,+159,2028,Candidate Master
123,Educational Codeforces Round 129 (Rated for Div. 2),May/23/2022 17:35,1241,4,-46,1869,Expert
122,Codeforces Round 792 (Div. 1 + Div. 2),May/19/2022 17:35,1423,4,-31,1915,Candidate Master
121,Codeforces Round 791 (Div. 2),May/14/2022 12:35,428,4,-2,1946,Candidate Master
120,Educational Codeforces Round 128 (Rated for Div. 2),May/13/2022 17:35,258,4,+47,1948,Candidate Master
119,Codeforces Round 789 (Div. 2),May/08/2022 17:35,123,5,+86,1901,Candidate Master
118,Codeforces Round 788 (Div. 2),May/06/2022 17:35,545,4,+25,1815,Expert
117,Codeforces Round 785 (Div. 2),Apr/30/2022 17:35,1302,3,-39,1790,Expert
116,Educational Codeforces Round 127 (Rated for Div. 2),Apr/22/2022 17:35,972,4,-26,1829,Expert
115,Codeforces Round 783 (Div. 2),Apr/19/2022 17:35,193,4,+67,1855,Expert
114,Codeforces Round 782 (Div. 2),Apr/17/2022 17:35,1703,2,-62,1788,Expert
113,Educational Codeforces Round 126 (Rated for Div. 2),Apr/09/2022 17:35,546,4,+20,1850,Expert
112,Codeforces Round 781 (Div. 2),Apr/08/2022 17:35,741,3,-5,1830,Expert
111,"CodeTON Round 1 (Div. 1 + Div. 2, Rated, Prizes!)",Mar/24/2022 17:35,778,4,+94,1835,Expert
110,Educational Codeforces Round 125 (Rated for Div. 2),Mar/22/2022 17:45,516,4,+75,1741,Expert
109,Codeforces Round 777 (Div. 2),Mar/11/2022 17:35,544,4,+101,1666,Expert
108,Educational Codeforces Round 124 (Rated for Div. 2),Mar/10/2022 17:35,1124,3,+58,1565,Specialist
107,Codeforces Round 776 (Div. 3),Mar/08/2022 17:35,3256,3,-55,1507,Specialist
106,"Codeforces Round 775 (Div. 2, based on Moscow Open Olympiad in Informatics)",Mar/06/2022 12:55,138,4,+234,1562,Specialist
105,Codeforces Round 772 (Div. 2),Feb/20/2022 17:35,11270,0,-159,1328,Pupil
104,Codeforces Round 771 (Div. 2),Feb/14/2022 17:35,11215,0,-181,1487,Specialist
103,Codeforces Global Round 19,Feb/12/2022 17:35,11175,2,-214,1668,Expert
102,Codeforces Round 770 (Div. 2),Feb/06/2022 17:35,1159,3,-29,1882,Expert
101,Codeforces Round 767 (Div. 1),Jan/22/2022 17:35,922,1,-85,1911,Candidate Master
100,Codeforces Round 766 (Div. 2),Jan/15/2022 17:35,97,5,+112,1996,Candidate Master
99,Codeforces Round 765 (Div. 2),Jan/12/2022 15:05,539,3,+13,1884,Expert
98,Hello 2022,Jan/03/2022 17:35,1018,4,+50,1871,Expert
97,Good Bye 2021: 2022 is NEAR,Dec/29/2021 18:35,3003,3,-75,1821,Expert
96,Codeforces Round 763 (Div. 2),Dec/28/2021 16:35,771,3,-25,1896,Expert
95,Educational Codeforces Round 120 (Rated for Div. 2),Dec/27/2021 17:35,1284,3,-63,1921,Candidate Master
94,Codeforces Global Round 18,Dec/24/2021 17:35,917,3,+7,1984,Candidate Master
93,Educational Codeforces Round 119 (Rated for Div. 2),Dec/18/2021 18:35,313,4,+14,1977,Candidate Master
92,Codeforces Round 761 (Div. 2),Dec/16/2021 16:35,67,5,+142,1963,Candidate Master
91,"Codeforces Round 759 (Div. 2, based on Technocup 2022 Elimination Round 3)",Dec/12/2021 18:15,1169,3,-56,1821,Expert
90,Educational Codeforces Round 118 (Rated for Div. 2),Dec/01/2021 17:35,947,3,-26,1877,Expert
89,Codeforces Round 757 (Div. 2),Nov/26/2021 14:15,307,4,+50,1903,Candidate Master
88,Codeforces Global Round 17,Nov/23/2021 17:35,1235,3,-3,1853,Expert
87,Educational Codeforces Round 117 (Rated for Div. 2),Nov/22/2021 12:35,745,4,-39,1856,Expert
86,"Codeforces Round 755 (Div. 1, based on Technocup 2022 Elimination Round 2)",Nov/14/2021 09:05,484,1,-17,1895,Expert
85,Codeforces Round 754 (Div. 2),Nov/12/2021 17:35,2090,3,-110,1912,Candidate Master
84,Codeforces Round 752 (Div. 1),Oct/30/2021 17:35,496,2,+52,2022,Candidate Master
83,Educational Codeforces Round 116 (Rated for Div. 2),Oct/29/2021 17:35,558,3,-7,1970,Candidate Master
82,Codeforces Round 751 (Div. 1),Oct/25/2021 09:35,398,2,+25,1977,Candidate Master
81,Codeforces Round 750 (Div. 2),Oct/24/2021 13:05,551,4,-20,1952,Candidate Master
80,Educational Codeforces Round 115 (Rated for Div. 2),Oct/10/2021 12:05,93,5,+112,1972,Candidate Master
79,Codeforces Round 747 (Div. 2),Oct/08/2021 18:05,926,5,-32,1860,Expert
78,Codeforces Round 746 (Div. 2),Oct/03/2021 17:35,1316,2,-60,1892,Expert
77,Codeforces Round 745 (Div. 2),Sep/30/2021 13:15,139,3,+53,1952,Candidate Master
76,Educational Codeforces Round 114 (Rated for Div. 2),Sep/20/2021 17:35,1930,3,-90,1899,Expert
75,Educational Codeforces Round 113 (Rated for Div. 2),Sep/08/2021 17:35,533,4,-14,1989,Candidate Master
74,Codeforces Round 742 (Div. 2),Sep/05/2021 17:35,1152,3,-75,2003,Candidate Master
73,"Deltix Round, Summer 2021 (open for everyone, rated, Div. 1 + Div. 2)",Aug/29/2021 17:35,1128,4,-39,2078,Candidate Master
72,"Codeforces Round 740 (Div. 1, based on VK Cup 2021 - Final (Engine))",Aug/24/2021 17:35,562,3,-26,2117,Master
71,Codeforces Round 736 (Div. 1),Aug/01/2021 17:35,460,3,+23,2143,Master
70,Educational Codeforces Round 111 (Rated for Div. 2),Jul/14/2021 17:35,82,4,+93,2120,Master
69,Codeforces Round 732 (Div. 1),Jul/11/2021 17:05,390,2,+85,2027,Candidate Master
68,Codeforces Round 730 (Div. 2),Jul/07/2021 17:35,362,4,+42,1942,Candidate Master
67,Codeforces Round 729 (Div. 2),Jul/03/2021 16:05,2072,2,-84,1900,Candidate Master
66,Codeforces Round 728 (Div. 1),Jun/25/2021 18:35,603,1,-44,1984,Candidate Master
65,Codeforces Round 727 (Div. 2),Jun/20/2021 13:05,86,4,+101,2028,Candidate Master
64,Codeforces Round 726 (Div. 2),Jun/18/2021 17:35,587,5,+21,1927,Candidate Master
63,Codeforces Round 724 (Div. 2),Jun/06/2021 17:35,470,4,+31,1906,Candidate Master
62,Educational Codeforces Round 110 (Rated for Div. 2),Jun/04/2021 17:35,1407,4,-46,1875,Expert
61,"Deltix Round, Spring 2021 (open for everyone, rated, Div. 1 + Div. 2)",May/30/2021 17:35,1640,3,-37,1921,Candidate Master
60,Codeforces Round 723 (Div. 2),May/28/2021 17:05,378,4,+36,1958,Candidate Master
59,Codeforces Round 721 (Div. 2),May/20/2021 17:35,392,4,+49,1922,Candidate Master
58,Educational Codeforces Round 109 (Rated for Div. 2),May/16/2021 11:00,435,3,+28,1873,Expert
57,Codeforces Global Round 14,May/02/2021 17:35,1294,4,+32,1845,Expert
56,Educational Codeforces Round 108 (Rated for Div. 2),Apr/29/2021 17:35,652,4,+39,1813,Expert
55,Contest 2050 and Codeforces Round 718 (Div. 1 + Div. 2),Apr/23/2021 17:35,3271,3,-80,1774,Expert
54,Codeforces Round 717 (Div. 2),Apr/21/2021 16:35,367,3,+74,1854,Expert
53,Codeforces Round 716 (Div. 2),Apr/19/2021 16:35,1794,3,-57,1780,Expert
52,Educational Codeforces Round 107 (Rated for Div. 2),Apr/12/2021 17:35,677,4,+16,1837,Expert
51,"Codeforces Round 709 (Div. 2, based on Technocup 2021 Final Round)",Mar/21/2021 16:20,516,3,+2,1821,Expert
50,Educational Codeforces Round 106 (Rated for Div. 2),Mar/18/2021 17:50,1278,3,-34,1819,Expert
49,Codeforces Round 705 (Div. 2),Mar/06/2021 17:05,753,3,+6,1853,Expert
48,Codeforces Global Round 13,Feb/28/2021 16:35,813,4,+108,1847,Expert
47,Codeforces Round 704 (Div. 2),Feb/23/2021 12:05,1206,3,+4,1739,Expert
46,Codeforces Round 703 (Div. 2),Feb/18/2021 17:35,1156,4,+36,1735,Expert
45,Codeforces Round 701 (Div. 2),Feb/12/2021 17:50,821,3,+75,1699,Expert
44,Codeforces Round 700 (Div. 2),Feb/07/2021 17:35,1691,3,+17,1624,Expert
43,Codeforces Round 699 (Div. 2),Feb/05/2021 17:35,12903,0,-201,1607,Expert
42,Educational Codeforces Round 103 (Rated for Div. 2),Jan/29/2021 17:35,872,4,+35,1808,Expert
41,Codeforces Round 698 (Div. 2),Jan/28/2021 17:35,875,3,+15,1773,Expert
40,Codeforces Round 696 (Div. 2),Jan/19/2021 17:35,1847,3,-29,1758,Expert
39,Codeforces Round 694 (Div. 2),Jan/05/2021 17:35,618,3,+43,1787,Expert
38,Good Bye 2020,Dec/30/2020 17:35,3211,4,-34,1744,Expert
37,Codeforces Round 691 (Div. 2),Dec/19/2020 12:35,837,3,-21,1778,Expert
36,Educational Codeforces Round 100 (Rated for Div. 2),Dec/17/2020 17:35,1396,2,-16,1799,Expert
35,"Codeforces Round 689 (Div. 2, based on Zed Code Competition)",Dec/11/2020 17:35,1121,4,-23,1815,Expert
34,Codeforces Global Round 12,Dec/06/2020 17:35,1082,4,+44,1838,Expert
33,Codeforces Round 688 (Div. 2),Dec/04/2020 16:05,1185,3,-18,1794,Expert
32,Educational Codeforces Round 99 (Rated for Div. 2),Nov/30/2020 17:35,280,4,+121,1812,Expert
31,Educational Codeforces Round 98 (Rated for Div. 2),Nov/19/2020 17:35,764,4,+63,1691,Expert
30,Codeforces Round 684 (Div. 2),Nov/17/2020 17:35,1856,3,-30,1628,Expert
29,Educational Codeforces Round 97 (Rated for Div. 2),Oct/27/2020 17:35,727,4,+90,1658,Expert
28,"Codeforces Round 679 (Div. 2, based on Technocup 2021 Elimination Round 1)",Oct/25/2020 14:05,2290,2,-61,1568,Specialist
27,Codeforces Raif Round 1 (Div. 1 + Div. 2),Oct/17/2020 16:05,2764,3,-11,1629,Expert
26,Educational Codeforces Round 96 (Rated for Div. 2),Oct/11/2020 12:05,1320,4,+11,1640,Expert
25,Codeforces Global Round 11,Oct/10/2020 17:50,2012,2,+40,1629,Expert
24,Codeforces Round 672 (Div. 2),Sep/24/2020 17:35,1699,3,+48,1589,Specialist
23,Codeforces Round 671 (Div. 2),Sep/19/2020 17:35,3052,4,-17,1541,Specialist
22,Codeforces Round 670 (Div. 2),Sep/12/2020 16:45,3043,2,-13,1558,Specialist
21,Codeforces Round 669 (Div. 2),Sep/08/2020 17:35,2521,3,+17,1571,Specialist
20,Codeforces Round 668 (Div. 2),Sep/06/2020 17:35,3226,2,-32,1554,Specialist
19,Codeforces Round 667 (Div. 3),Sep/04/2020 17:35,761,4,+49,1586,Specialist
18,Codeforces Round 666 (Div. 2),Aug/30/2020 17:35,1468,3,+69,1537,Specialist
17,Educational Codeforces Round 94 (Rated for Div. 2),Aug/25/2020 17:35,3205,2,+27,1468,Specialist
16,Codeforces Round 665 (Div. 2),Aug/21/2020 17:35,3036,3,+39,1441,Specialist
15,Educational Codeforces Round 93 (Rated for Div. 2),Aug/14/2020 17:35,1288,4,+183,1402,Specialist
14,Codeforces Round 663 (Div. 2),Aug/09/2020 17:35,9618,2,-76,1219,Pupil
13,Codeforces Round 659 (Div. 2),Jul/24/2020 17:35,2984,1,+115,1295,Pupil
12,Codeforces Global Round 9,Jul/04/2020 17:45,8574,0,-114,1180,Newbie
11,Educational Codeforces Round 90 (Rated for Div. 2),Jun/25/2020 17:35,3737,3,+72,1294,Pupil
10,Codeforces Round 652 (Div. 2),Jun/23/2020 17:05,12962,1,-113,1222,Pupil
9,Codeforces Global Round 8,Jun/18/2020 17:45,5419,2,+31,1335,Pupil
8,"Codeforces Round 647 (Div. 2) - Thanks, Algo Muse!",Jun/04/2020 17:35,5450,2,+12,1304,Pupil
7,Codeforces Round 644 (Div. 3),May/24/2020 16:35,1632,5,+135,1292,Pupil
6,Educational Codeforces Round 87 (Rated for Div. 2),May/17/2020 12:20,9136,1,-56,1157,Newbie
5,Codeforces Round 643 (Div. 2),May/16/2020 14:35,8787,1,-33,1213,Pupil
4,Codeforces Round 642 (Div. 3),May/14/2020 17:35,11472,2,-78,1246,Pupil
3,Codeforces Round 641 (Div. 2),May/12/2020 15:35,8038,1,-51,1324,Pupil
2,Codeforces Round 640 (Div. 4),May/09/2020 17:35,3753,3,-6,1375,Pupil
1,Codeforces Round 634 (Div. 3),Apr/13/2020 17:35,14118,1,-119,1381,Pupil
