#,Contest,Start time,Rank,Solved,Rating change,New rating,Title
67,Codeforces Round 854 by cybercats (Div. 1 + Div. 2),Feb/27/2023 17:35,585,5,-51,2256,Master
66,"Codeforces Round 850 (Div. 1, based on VK Cup 2022 - Final Round)",Feb/05/2023 15:05,330,3,0,2307,International Master
65,"Codeforces Round 844 (Div. 1 + Div. 2, based on VK Cup 2022 - Elimination Round)",Jan/15/2023 15:05,291,5,+27,2307,International Master
64,Hello 2022,Jan/03/2022 17:35,641,4,-31,2280,Master
63,Good Bye 2021: 2022 is NEAR,Dec/29/2021 18:35,582,5,-25,2311,International Master
62,Codeforces Global Round 18,Dec/24/2021 17:35,243,5,+43,2336,International Master
61,Codeforces Global Round 17,Nov/23/2021 17:35,235,5,+52,2293,Master
60,Codeforces Round 751 (Div. 1),Oct/25/2021 09:35,316,2,-30,2241,Master
59,"Codeforces Round 749 (Div. 1 + Div. 2, based on Technocup 2022 Elimination Round 1)",Oct/17/2021 14:05,231,5,+60,2271,Master
58,Codeforces Round 745 (Div. 1),Sep/30/2021 13:15,420,1,-71,2211,Master
57,"Harbour.Space Scholarship Contest 2021-2022 (open for everyone, rated, Div. 1 + Div. 2)",Jul/22/2021 17:35,308,5,+25,2282,Master
56,"Codeforces Round 733 (Div. 1 + Div. 2, based on VK Cup 2021 - Elimination (Engine))",Jul/17/2021 17:35,956,4,-83,2257,Master
55,"Deltix Round, Spring 2021 (open for everyone, rated, Div. 1 + Div. 2)",May/30/2021 17:35,455,3,-18,2340,International Master
54,Codeforces Global Round 13,Feb/28/2021 16:35,91,6,+158,2358,International Master
53,Educational Codeforces Round 96 (Rated for Div. 2),Oct/11/2020 12:05,34,5,+105,2200,Master
52,Codeforces Global Round 11,Oct/10/2020 17:50,1703,2,-86,2095,Candidate Master
51,Codeforces Round 665 (Div. 2),Aug/21/2020 17:35,28,5,+145,2181,Master
50,Codeforces Round 654 (Div. 2),Jul/01/2020 16:35,1092,4,-56,2036,Candidate Master
49,Codeforces Round 649 (Div. 2),Jun/13/2020 18:05,423,3,+9,2092,Candidate Master
48,"Codeforces Round 647 (Div. 1) - Thanks, Algo Muse!",Jun/04/2020 17:35,1114,0,-117,2083,Candidate Master
47,Codeforces Round 633 (Div. 1),Apr/12/2020 17:05,386,3,+27,2200,Master
46,"Codeforces Round 631 (Div. 1) - Thanks, Denis aramis Shitov!",Apr/03/2020 17:35,461,2,+21,2173,Master
45,Codeforces Global Round 7,Mar/19/2020 17:35,456,5,+52,2152,Master
44,Codeforces Round 621 (Div. 1 + Div. 2),Feb/17/2020 18:35,818,4,-29,2100,Master
43,Codeforces Round 614 (Div. 1),Jan/19/2020 16:35,582,2,-62,2129,Master
42,Good Bye 2019,Dec/29/2019 17:05,277,5,+71,2191,Master
41,Codeforces Round 609 (Div. 1),Dec/21/2019 14:05,134,3,+118,2120,Master
40,Codeforces Round 580 (Div. 1),Aug/18/2019 16:45,556,1,-43,2002,Candidate Master
39,Codeforces Round 562 (Div. 1),May/26/2019 18:35,440,1,-100,2045,Candidate Master
38,Codeforces Round 557 (Div. 1) [based on Forethought Future Cup - Final Round],May/04/2019 20:05,99,3,+98,2145,Master
37,Codeforces Round 556 (Div. 1),Apr/29/2019 17:35,454,1,-39,2047,Candidate Master
36,Codeforces Round 554 (Div. 2),Apr/24/2019 17:35,58,4,+91,2086,Candidate Master
35,Codeforces Round 538 (Div. 2),Feb/10/2019 17:05,233,4,+40,1995,Candidate Master
34,CodeCraft-19 and Codeforces Round 537 (Div. 2),Feb/03/2019 18:35,226,3,+49,1955,Candidate Master
33,Educational Codeforces Round 58 (Rated for Div. 2),Jan/11/2019 17:35,856,4,-47,1906,Candidate Master
32,Codeforces Round 493 (Div. 1),Jul/01/2018 17:05,370,1,-45,1953,Candidate Master
31,Codeforces Round 488 by NEAR (Div. 1),Jun/16/2018 19:35,267,2,-8,1998,Candidate Master
30,Educational Codeforces Round 45 (Rated for Div. 2),Jun/10/2018 13:05,141,5,+42,2006,Candidate Master
29,"Codeforces Round 477 (rated, Div. 1, based on VK Cup 2018 Round 3)",Apr/29/2018 16:15,267,2,+12,1964,Candidate Master
28,"Codeforces Round 476 (Div. 2) [Thanks, Telegram!]",Apr/25/2018 20:35,27,4,+98,1952,Candidate Master
27,VK Cup 2018 - Round 2,Mar/24/2018 18:35,306,3,-72,1854,Expert
26,VK Cup 2018 - Round 1,Mar/10/2018 18:35,201,3,+25,1926,Candidate Master
25,"Codeforces Round 468 (Div. 1, based on Technocup 2018 Final Round)",Mar/04/2018 18:35,488,2,-85,1901,Candidate Master
24,Codeforces Round 449 (Div. 1),Dec/02/2017 17:05,249,2,+2,1986,Candidate Master
23,Codeforces Round 427 (Div. 2),Jul/31/2017 17:35,23,4,+142,1984,Candidate Master
22,Codeforces Round 426 (Div. 2),Jul/30/2017 17:35,356,3,+13,1842,Expert
21,Codeforces Round 425 (Div. 2),Jul/24/2017 17:35,1034,1,-69,1829,Expert
20,"Codeforces Round 424 (Div. 2, rated, based on VK Cup Finals)",Jul/13/2017 18:05,213,3,+11,1898,Expert
19,"Codeforces Round 423 (Div. 1, rated, based on VK Cup Finals)",Jul/11/2017 19:45,388,1,-50,1887,Expert
18,Codeforces Round 415 (Div. 2),May/20/2017 21:05,84,3,+39,1937,Candidate Master
17,"Playrix Codescapes Cup (Codeforces Round 413, rated, Div. 1 + Div. 2)",May/11/2017 18:35,514,3,+27,1898,Expert
16,"Codeforces Round 412 (rated, Div. 2, base on VK Cup 2017 Round 3)",May/07/2017 18:45,257,3,-10,1871,Expert
15,Codeforces Round 411 (Div. 2),May/04/2017 17:50,83,4,+92,1881,Expert
14,Codeforces Round 410 (Div. 2),Apr/21/2017 17:35,395,2,+15,1789,Expert
13,"Codeforces Round 409 (rated, Div. 2, based on VK Cup 2017 Round 2)",Apr/16/2017 18:35,75,4,+117,1774,Expert
12,Codeforces Round 408 (Div. 2),Apr/10/2017 19:35,609,2,+11,1657,Expert
11,Codeforces Round 407 (Div. 2),Mar/29/2017 19:05,406,3,+73,1646,Expert
10,Codeforces Round 396 (Div. 2),Feb/07/2017 20:05,1241,2,-18,1573,Specialist
9,Codeforces Round 374 (Div. 2),Sep/30/2016 17:05,751,2,+47,1591,Specialist
8,Codeforces Round 369 (Div. 2),Aug/29/2016 15:05,1885,2,-36,1544,Specialist
7,Codeforces Round 367 (Div. 2),Aug/11/2016 19:35,1482,2,-30,1580,Specialist
6,Codeforces Round 362 (Div. 2),Jul/14/2016 19:35,1218,2,-35,1610,Expert
5,Codeforces Round 360 (Div. 2),Jun/29/2016 20:05,182,4,+135,1645,Expert
4,Codeforces Round 356 (Div. 2),Jun/08/2016 19:35,753,3,+62,1510,Specialist
3,Codeforces Round 355 (Div. 2),Jun/01/2016 19:35,1081,2,+38,1448,Specialist
2,VK Cup 2016 - Round 1,Mar/28/2016 19:35,601,1,-4,1410,Specialist
1,Codeforces Round 181 (Div. 2),Apr/25/2013 19:30,1222,0,-86,1414,Specialist
