#,Contest,Start time,Rank,Solved,Rating change,New rating,Title
90,Codeforces Round 854 by cybercats (Div. 1 + Div. 2),Feb/27/2023 17:35,707,4,-38,2143,Master
89,Codeforces Round 851 (Div. 2),Feb/09/2023 17:35,39,5,+99,2181,Master
88,"TypeDB Forces 2023 (Div. 1 + Div. 2, Rated, Prizes!)",Jan/29/2023 17:35,1734,3,-111,2082,Candidate Master
87,VK Cup 2022 - Отборочный раунд (Engine),Jan/15/2023 15:05,53,5,+88,2193,Master
86,Codeforces Round 843 (Div. 2),Jan/10/2023 14:15,148,6,+37,2105,Master
85,Hello 2023,Jan/03/2023 17:35,651,4,+41,2068,Candidate Master
84,Good Bye 2022: 2023 is NEAR,Dec/30/2022 17:35,3278,2,-127,2027,Candidate Master
83,Educational Codeforces Round 139 (Rated for Div. 2),Dec/12/2022 17:35,15,5,+170,2154,Master
82,Codeforces Round 837 (Div. 2),Dec/11/2022 18:35,204,3,+56,1984,Candidate Master
81,Codeforces Round 836 (Div. 2),Nov/25/2022 18:35,2822,2,-144,1928,Candidate Master
80,Pinely Round 1 (Div. 1 + Div. 2),Nov/20/2022 17:35,786,3,-24,2072,Candidate Master
79,Codeforces Round 829 (Div. 1),Oct/23/2022 10:50,531,4,-3,2096,Candidate Master
78,Educational Codeforces Round 138 (Rated for Div. 2),Oct/20/2022 17:35,146,4,+30,2099,Candidate Master
77,Codeforces Global Round 23,Oct/15/2022 17:35,1566,3,-80,2069,Candidate Master
76,Dytechlab Cup 2022,Oct/07/2022 17:35,604,3,-11,2149,Master
75,Codeforces Global Round 22,Sep/30/2022 17:35,593,4,+4,2160,Master
74,Codeforces Round 814 (Div. 1),Aug/16/2022 17:35,304,3,+48,2156,Master
73,"CodeTON Round 2 (Div. 1 + Div. 2, Rated, Prizes!)",Jul/31/2022 17:05,898,4,-16,2108,Master
72,Codeforces Round 792 (Div. 1 + Div. 2),May/19/2022 17:35,443,5,+42,2124,Master
71,Educational Codeforces Round 128 (Rated for Div. 2),May/13/2022 17:35,146,4,+40,2082,Candidate Master
70,Codeforces Round 789 (Div. 1),May/08/2022 17:35,665,2,-63,2042,Candidate Master
69,Codeforces Global Round 20,Apr/23/2022 17:05,797,5,-18,2105,Master
68,Codeforces Round 783 (Div. 1),Apr/19/2022 17:35,563,2,-40,2123,Master
67,Educational Codeforces Round 126 (Rated for Div. 2),Apr/09/2022 17:35,52,4,+81,2163,Master
66,Codeforces Round 781 (Div. 2),Apr/08/2022 17:35,37,4,+125,2082,Candidate Master
65,Codeforces Round 779 (Div. 2),Mar/27/2022 17:35,79,5,+132,1957,Candidate Master
64,"CodeTON Round 1 (Div. 1 + Div. 2, Rated, Prizes!)",Mar/24/2022 17:35,4031,3,-126,1825,Expert
63,Educational Codeforces Round 125 (Rated for Div. 2),Mar/22/2022 17:45,101,4,+123,1951,Candidate Master
62,Технокубок 2022 - Финал,Mar/20/2022 11:15,754,2,-172,1828,Expert
61,Codeforces Round 777 (Div. 2),Mar/11/2022 17:35,1120,3,-79,2000,Candidate Master
60,Educational Codeforces Round 124 (Rated for Div. 2),Mar/10/2022 17:35,237,4,+1,2079,Candidate Master
59,Codeforces Round 774 (Div. 2),Mar/04/2022 18:35,171,4,+20,2078,Candidate Master
58,Educational Codeforces Round 123 (Rated for Div. 2),Feb/22/2022 17:35,87,5,+86,2058,Candidate Master
57,Codeforces Round 772 (Div. 2),Feb/20/2022 17:35,104,5,+104,1972,Candidate Master
56,Codeforces Round 771 (Div. 2),Feb/14/2022 17:35,1041,3,-25,1868,Expert
55,Codeforces Global Round 19,Feb/12/2022 17:35,2187,3,-65,1893,Expert
54,Codeforces Round 770 (Div. 2),Feb/06/2022 17:35,589,4,+2,1958,Candidate Master
53,Educational Codeforces Round 122 (Rated for Div. 2),Jan/31/2022 17:35,60,5,+162,1956,Candidate Master
52,Codeforces Round 769 (Div. 2),Jan/30/2022 17:35,592,4,+65,1794,Expert
51,Codeforces Round 768 (Div. 2),Jan/27/2022 17:35,771,3,+42,1729,Expert
50,Good Bye 2021: 2022 is NEAR,Dec/29/2021 18:35,4639,2,-93,1687,Expert
49,Codeforces Round 763 (Div. 2),Dec/28/2021 16:35,2819,2,-107,1780,Expert
48,Educational Codeforces Round 120 (Rated for Div. 2),Dec/27/2021 17:35,466,4,+32,1887,Expert
47,Codeforces Global Round 18,Dec/24/2021 17:35,2511,3,-81,1855,Expert
46,Codeforces Round 761 (Div. 2),Dec/16/2021 16:35,1665,3,-103,1936,Candidate Master
45,"Codeforces Round 759 (Div. 2, based on Technocup 2022 Elimination Round 3)",Dec/12/2021 18:15,51,5,+117,2039,Candidate Master
44,"Deltix Round, Autumn 2021 (open for everyone, rated, Div. 1 + Div. 2)",Nov/28/2021 17:35,362,5,+149,1922,Candidate Master
43,Codeforces Global Round 17,Nov/23/2021 17:35,1286,3,+19,1773,Expert
42,Educational Codeforces Round 117 (Rated for Div. 2),Nov/22/2021 12:35,833,4,-16,1754,Expert
41,Codeforces Round 754 (Div. 2),Nov/12/2021 17:35,944,3,+3,1770,Expert
40,Educational Codeforces Round 116 (Rated for Div. 2),Oct/29/2021 17:35,738,3,+40,1767,Expert
39,Technocup 2022 - Elimination Round 1,Oct/17/2021 14:05,307,3,-51,1727,Expert
38,Codeforces Round 747 (Div. 2),Oct/08/2021 18:05,204,5,+134,1778,Expert
37,Educational Codeforces Round 114 (Rated for Div. 2),Sep/20/2021 17:35,729,3,+94,1644,Expert
36,Codeforces Global Round 16,Sep/12/2021 17:35,1350,5,+119,1550,Specialist
35,Educational Codeforces Round 113 (Rated for Div. 2),Sep/08/2021 17:35,8596,1,-123,1431,Specialist
34,Codeforces Round 742 (Div. 2),Sep/05/2021 17:35,875,3,+113,1554,Specialist
33,Codeforces Round 739 (Div. 3),Aug/18/2021 17:35,787,5,+94,1441,Specialist
32,Codeforces Round 737 (Div. 2),Aug/09/2021 17:35,12225,1,-137,1347,Pupil
31,Educational Codeforces Round 112 (Rated for Div. 2),Jul/30/2021 17:35,9809,0,-177,1484,Specialist
30,Codeforces Round 735 (Div. 2),Jul/29/2021 17:35,1039,3,+59,1661,Expert
29,"Harbour.Space Scholarship Contest 2021-2022 (open for everyone, rated, Div. 1 + Div. 2)",Jul/22/2021 17:35,6484,2,-127,1602,Expert
28,Educational Codeforces Round 111 (Rated for Div. 2),Jul/14/2021 17:35,447,3,+121,1729,Expert
27,Codeforces Round 730 (Div. 2),Jul/07/2021 17:35,2722,2,-25,1608,Expert
26,Codeforces Round 729 (Div. 2),Jul/03/2021 16:05,6607,1,-145,1633,Expert
25,Codeforces Round 728 (Div. 2),Jun/25/2021 18:35,246,3,+93,1778,Expert
24,Codeforces Round 727 (Div. 2),Jun/20/2021 13:05,2677,3,-70,1685,Expert
23,Codeforces Round 726 (Div. 2),Jun/18/2021 17:35,3230,3,-71,1755,Expert
22,Codeforces Round 725 (Div. 3),Jun/10/2021 17:35,7,7,+306,1826,Expert
21,Codeforces Round 724 (Div. 2),Jun/06/2021 17:35,1346,3,+78,1520,Specialist
20,Educational Codeforces Round 110 (Rated for Div. 2),Jun/04/2021 17:35,6206,2,-65,1442,Specialist
19,"Deltix Round, Spring 2021 (open for everyone, rated, Div. 1 + Div. 2)",May/30/2021 17:35,3227,2,-4,1507,Specialist
18,Codeforces Round 723 (Div. 2),May/28/2021 17:05,728,4,+160,1511,Specialist
17,Codeforces Round 721 (Div. 2),May/20/2021 17:35,2670,2,+82,1351,Pupil
16,Codeforces Round 719 (Div. 3),May/05/2021 17:35,6399,3,-33,1269,Pupil
15,Educational Codeforces Round 108 (Rated for Div. 2),Apr/29/2021 17:35,2264,3,+114,1302,Pupil
14,Codeforces Round 715 (Div. 2),Apr/16/2021 17:35,7978,1,-74,1188,Newbie
13,Educational Codeforces Round 107 (Rated for Div. 2),Apr/12/2021 17:35,6107,2,-34,1262,Pupil
12,Divide by Zero 2021 and Codeforces Round 714 (Div. 2),Apr/11/2021 17:35,7172,1,-96,1296,Pupil
11,Технокубок 2021 - Финал,Mar/21/2021 13:20,587,2,-19,1392,Pupil
10,Educational Codeforces Round 105 (Rated for Div. 2),Mar/02/2021 17:45,3957,1,-9,1411,Specialist
9,Educational Codeforces Round 104 (Rated for Div. 2),Feb/15/2021 17:35,7254,1,-94,1420,Specialist
8,Educational Codeforces Round 103 (Rated for Div. 2),Jan/29/2021 17:35,3651,2,-9,1514,Specialist
7,Codeforces Round 698 (Div. 2),Jan/28/2021 17:35,2822,2,-4,1523,Specialist
6,"Codeforces Round 692 (Div. 2, based on Technocup 2021 Elimination Round 3)",Dec/20/2020 18:05,1968,2,+43,1527,Specialist
5,Codeforces Round 690 (Div. 3),Dec/15/2020 17:35,353,6,+206,1484,Specialist
4,Technocup 2021 - Elimination Round 2,Nov/29/2020 10:05,156,3,+266,1278,Pupil
3,Codeforces Round 686 (Div. 3),Nov/24/2020 17:35,3939,3,+235,1012,Newbie
2,Educational Codeforces Round 98 (Rated for Div. 2),Nov/19/2020 17:35,7185,2,+250,777,Newbie
1,Codeforces Round 684 (Div. 2),Nov/17/2020 17:35,2282,3,+527,527,Newbie
