#,Contest,Start time,Rank,Solved,Rating change,New rating,Title
9,Codeforces Round 854 by cybercats (Div. 1 + Div. 2),Feb/27/2023 17:35,169,6,+37,2419,Grandmaster
8,"Codeforces Round 850 (Div. 1, based on VK Cup 2022 - Final Round)",Feb/05/2023 15:05,186,4,+47,2382,International Master
7,"TypeDB Forces 2023 (Div. 1 + Div. 2, Rated, Prizes!)",Jan/29/2023 17:35,275,5,+36,2335,International Master
6,"Polynomial Round 2022 (Div. 1 + Div. 2, Rated, Prizes!)",Dec/17/2022 17:35,534,5,+9,2299,Master
5,Educational Codeforces Round 140 (Rated for Div. 2),Dec/16/2022 17:35,5,5,+284,2290,Master
4,Codeforces Round 838 (Div. 2),Dec/15/2022 17:35,365,3,+102,2006,Candidate Master
3,Codeforces Round 836 (Div. 2),Nov/25/2022 18:35,4,5,+477,1904,Candidate Master
2,Codeforces Round 832 (Div. 2),Nov/04/2022 17:35,21,4,+581,1427,Specialist
1,Codeforces Round 826 (Div. 3),Oct/11/2022 17:35,3,7,+846,846,Newbie
