#,Contest,Start time,Rank,Solved,Rating change,New rating,Title
9,"Codeforces Round 850 (Div. 1, based on VK Cup 2022 - Final Round)",Feb/05/2023 15:05,821,1,-142,2378,International Master
8,"Codeforces Round 844 (Div. 1 + Div. 2, based on VK Cup 2022 - Elimination Round)",Jan/15/2023 15:05,143,5,+25,2520,Grandmaster
7,Codeforces Round 829 (Div. 1),Oct/23/2022 10:50,53,5,+133,2495,Grandmaster
6,Dytechlab Cup 2022,Oct/07/2022 17:35,122,5,+152,2362,International Master
5,Educational Codeforces Round 116 (Rated for Div. 2),Oct/29/2021 17:35,38,5,+179,2210,Master
4,Educational Codeforces Round 115 (Rated for Div. 2),Oct/10/2021 12:05,19,6,+285,2031,Candidate Master
3,Codeforces Round 746 (Div. 2),Oct/03/2021 17:35,9,6,+555,1746,Expert
2,Educational Codeforces Round 114 (Rated for Div. 2),Sep/20/2021 17:35,506,4,+443,1191,Newbie
1,Codeforces Round 738 (Div. 2),Aug/15/2021 17:35,181,5,+748,748,Newbie
