#,Contest,Start time,Rank,Solved,Rating change,New rating,Title
170,Hello 2023,Jan/03/2023 17:35,2164,4,-157,2244,Master
169,Dytechlab Cup 2022,Oct/07/2022 17:35,654,3,-99,2401,Grandmaster
168,Codeforces Round 789 (Div. 1),May/08/2022 17:35,76,4,+86,2500,Grandmaster
167,Codeforces Global Round 20,Apr/23/2022 17:05,431,6,-39,2414,Grandmaster
166,Codeforces Round 783 (Div. 1),Apr/19/2022 17:35,68,3,+128,2453,Grandmaster
165,"CodeTON Round 1 (Div. 1 + Div. 2, Rated, Prizes!)",Mar/24/2022 17:35,874,4,-83,2325,International Master
164,"Codeforces Round 778 (Div. 1 + Div. 2, based on Technocup 2022 Final Round)",Mar/20/2022 14:35,246,5,+8,2408,Grandmaster
163,Codeforces Round 773 (Div. 1),Feb/23/2022 13:10,102,3,+102,2400,Grandmaster
162,Codeforces Round 767 (Div. 1),Jan/22/2022 17:35,863,2,-130,2298,Master
161,Hello 2022,Jan/03/2022 17:35,133,5,+90,2428,Grandmaster
160,Good Bye 2021: 2022 is NEAR,Dec/29/2021 18:35,247,5,+61,2338,International Master
159,Codeforces Round 758 (Div.1 + Div. 2),Dec/11/2021 13:05,993,3,-125,2277,Master
158,"Deltix Round, Autumn 2021 (open for everyone, rated, Div. 1 + Div. 2)",Nov/28/2021 17:35,47,6,+197,2402,Grandmaster
157,Codeforces Round 752 (Div. 1),Oct/30/2021 17:35,541,2,-31,2205,Master
156,Codeforces Round 750 (Div. 2),Oct/24/2021 13:05,13,7,+154,2236,Master
155,"Codeforces Round 749 (Div. 1 + Div. 2, based on Technocup 2022 Elimination Round 1)",Oct/17/2021 14:05,1431,3,-95,2082,Candidate Master
154,"Deltix Round, Summer 2021 (open for everyone, rated, Div. 1 + Div. 2)",Aug/29/2021 17:35,330,5,+77,2177,Master
153,"Codeforces Round 740 (Div. 1, based on VK Cup 2021 - Final (Engine))",Aug/24/2021 17:35,596,3,-31,2100,Master
152,Codeforces Global Round 15,Jul/25/2021 17:35,1586,3,-95,2131,Master
151,"Harbour.Space Scholarship Contest 2021-2022 (open for everyone, rated, Div. 1 + Div. 2)",Jul/22/2021 17:35,402,5,+18,2226,Master
150,"Codeforces Round 733 (Div. 1 + Div. 2, based on VK Cup 2021 - Elimination (Engine))",Jul/17/2021 17:35,361,5,+37,2208,Master
149,Codeforces Round 732 (Div. 1),Jul/11/2021 17:05,462,2,-6,2171,Master
148,Codeforces Round 728 (Div. 1),Jun/25/2021 18:35,381,1,-15,2177,Master
147,Codeforces LATOKEN Round 1 (Div. 1 + Div. 2),Jun/13/2021 18:35,841,4,-64,2192,Master
146,Contest 2050 and Codeforces Round 718 (Div. 1 + Div. 2),Apr/23/2021 17:35,138,5,+144,2256,Master
145,Codeforces Round 712 (Div. 1),Apr/03/2021 17:35,757,2,-64,2112,Master
144,Codeforces Global Round 13,Feb/28/2021 16:35,2557,3,-148,2176,Master
143,Codeforces Round 698 (Div. 1),Jan/28/2021 17:35,85,3,+139,2324,International Master
142,Codeforces Round 694 (Div. 1),Jan/05/2021 17:35,762,2,-85,2185,Master
141,Good Bye 2020,Dec/30/2020 17:35,1073,5,-61,2270,Master
140,"Codeforces Round 692 (Div. 1, based on Technocup 2021 Elimination Round 3)",Dec/20/2020 18:05,635,1,-121,2331,International Master
139,Codeforces Global Round 12,Dec/06/2020 17:35,195,5,+27,2452,Grandmaster
138,"Codeforces Round 687 (Div. 1, based on Technocup 2021 Elimination Round 2)",Nov/29/2020 10:05,307,2,-53,2425,Grandmaster
137,Codeforces Round 684 (Div. 1),Nov/17/2020 17:35,88,3,+75,2478,Grandmaster
136,"Codeforces Round 679 (Div. 1, based on Technocup 2021 Elimination Round 1)",Oct/25/2020 14:05,61,3,+144,2403,Grandmaster
135,Codeforces Raif Round 1 (Div. 1 + Div. 2),Oct/17/2020 16:05,350,5,+39,2259,Master
134,Grakn Forces 2020,Sep/30/2020 17:35,2891,2,-184,2220,Master
133,Codeforces Round 668 (Div. 1),Sep/06/2020 17:35,117,2,+71,2404,Grandmaster
132,Codeforces Round 666 (Div. 1),Aug/30/2020 17:35,426,3,-27,2333,International Master
131,Codeforces Round 659 (Div. 1),Jul/24/2020 17:35,98,3,+115,2360,International Master
130,Codeforces Round 633 (Div. 1),Apr/12/2020 17:05,1358,1,-142,2245,Master
129,"Codeforces Round 631 (Div. 1) - Thanks, Denis aramis Shitov!",Apr/03/2020 17:35,73,3,+149,2387,International Master
128,Codeforces Global Round 7,Mar/19/2020 17:35,244,6,+85,2238,Master
127,"Ozon Tech Challenge 2020 (Div.1 + Div.2, Rated, T-shirts + prizes!)",Mar/03/2020 17:35,7006,0,-285,2153,Master
126,"Codeforces Round 625 (Div. 1, based on Technocup 2020 Final Round)",Mar/01/2020 16:15,174,3,+5,2438,Grandmaster
125,"Codeforces Round 623 (Div. 1, based on VK Cup 2019-2020 - Elimination Round, Engine)",Feb/23/2020 19:05,125,2,-16,2433,Grandmaster
124,Codeforces Round 621 (Div. 1 + Div. 2),Feb/17/2020 18:35,18,6,+223,2449,Grandmaster
123,Codeforces Round 618 (Div. 1),Feb/09/2020 17:05,140,3,+114,2226,Master
122,Codeforces Round 616 (Div. 1),Feb/02/2020 17:05,652,2,-75,2112,Master
121,Codeforces Round 612 (Div. 1),Jan/05/2020 17:05,230,2,+55,2187,Master
120,Hello 2020,Jan/04/2020 15:05,481,4,+40,2132,Master
119,Good Bye 2019,Dec/29/2019 17:05,3022,3,-162,2092,Candidate Master
118,Codeforces Round 609 (Div. 1),Dec/21/2019 14:05,570,0,-138,2254,Master
117,Codeforces Round 604 (Div. 1),Dec/05/2019 17:35,140,3,+10,2392,International Master
116,"Codeforces Round 602 (Div. 1, based on Technocup 2020 Elimination Round 3)",Nov/24/2019 11:05,97,6,+29,2382,International Master
115,Codeforces Round 601 (Div. 1),Nov/19/2019 17:35,245,3,-40,2353,International Master
114,Codeforces Round 599 (Div. 1),Nov/06/2019 18:05,105,3,+56,2393,International Master
113,Codeforces Global Round 5,Oct/16/2019 17:35,179,6,+52,2337,International Master
112,Codeforces Round 588 (Div. 1),Sep/23/2019 17:05,231,2,-10,2285,Master
111,Codeforces Round 586 (Div. 1 + Div. 2),Sep/18/2019 19:05,520,4,-80,2295,Master
110,"Codeforces Round 584 - Dasha Code Championship - Elimination Round (rated, open for everyone, Div. 1 + Div. 2)",Sep/14/2019 16:05,87,7,+90,2375,International Master
109,"Manthan, Codefest 19 (open for everyone, rated, Div. 1 + Div. 2)",Aug/25/2019 17:35,78,6,+122,2285,Master
108,Codeforces Round 580 (Div. 1),Aug/18/2019 16:45,554,1,-81,2163,Master
107,Codeforces Round 576 (Div. 1),Jul/30/2019 17:35,153,4,+43,2244,Master
106,Codeforces Global Round 4,Jul/20/2019 18:35,891,5,-96,2201,Master
105,Codeforces Round 573 (Div. 1),Jul/12/2019 17:35,469,2,-107,2297,Master
104,Codeforces Round 569 (Div. 1),Jun/21/2019 20:05,82,3,+28,2404,Grandmaster
103,Codeforces Round 564 (Div. 1),Jun/07/2019 15:05,197,3,-44,2376,International Master
102,Codeforces Round 562 (Div. 1),May/26/2019 18:35,51,3,+79,2420,Grandmaster
101,Codeforces Round 556 (Div. 1),Apr/29/2019 17:35,80,2,+87,2341,International Master
100,Forethought Future Cup - Elimination Round,Apr/20/2019 21:05,167,4,+20,2254,Master
99,Codeforces Round 551 (Div. 2),Apr/13/2019 17:05,9,5,+161,2234,Master
98,Codeforces Global Round 2,Apr/06/2019 14:35,578,5,-4,2073,Candidate Master
97,Codeforces Round 549 (Div. 1),Mar/30/2019 20:10,249,1,-30,2077,Candidate Master
96,Educational Codeforces Round 61 (Rated for Div. 2),Mar/05/2019 18:05,60,4,+67,2107,Master
95,Codeforces Round 542 [Alex Lopashev Thanks-Round] (Div. 1),Feb/24/2019 18:35,423,0,-105,2040,Candidate Master
94,Codeforces Global Round 1,Feb/07/2019 16:35,766,4,-38,2145,Master
93,Codeforces Round 530 (Div. 1),Jan/05/2019 19:35,248,2,-9,2183,Master
92,Hello 2019,Jan/04/2019 17:45,758,3,-55,2192,Master
91,Good Bye 2018,Dec/30/2018 17:35,620,4,-36,2247,Master
90,Avito Cool Challenge 2018,Dec/16/2018 17:35,203,5,-8,2283,Master
89,Codeforces Round 526 (Div. 1),Dec/10/2018 19:35,113,2,-1,2291,Master
88,Mail.Ru Cup 2018 Round 3,Nov/25/2018 19:35,56,6,+122,2292,Master
87,Mail.Ru Cup 2018 Round 2,Nov/10/2018 17:35,223,3,+20,2170,Master
86,Codeforces Round 519 by Botan Investments,Oct/28/2018 18:35,372,5,+1,2150,Master
85,"Codeforces Round 518 (Div. 1) [Thanks, Mail.Ru!]",Oct/24/2018 19:35,189,2,-13,2149,Master
84,"Codeforces Round 516 (Div. 1, by Moscow Team Olympiad)",Oct/14/2018 13:05,281,2,-51,2162,Master
83,Lyft Level 5 Challenge 2018 - Elimination Round,Oct/07/2018 20:05,202,4,+31,2213,Master
82,"Codeforces Round 513 by Barcelona Bootcamp (rated, Div. 1 + Div. 2)",Oct/04/2018 10:05,399,4,-44,2182,Master
81,"Codeforces Round 512 (Div. 1, based on Technocup 2019 Elimination Round 1)",Sep/23/2018 16:05,333,1,-97,2226,Master
80,Codeforces Round 511 (Div. 1),Sep/21/2018 17:35,63,2,+77,2323,International Master
79,"Codeforces Round 507 (Div. 1, based on Olympiad of Metropolises)",Sep/05/2018 19:35,312,0,-145,2246,Master
78,"Manthan, Codefest 18 (rated, Div. 1 + Div. 2)",Sep/02/2018 17:35,451,4,-105,2391,International Master
77,"Codeforces Round 505 (rated, Div. 1 + Div. 2, based on VK Cup 2018 Final)",Aug/19/2018 16:35,77,4,+20,2496,Grandmaster
76,"Codeforces Round 503 (by SIS, Div. 1)",Aug/11/2018 16:35,41,2,+65,2476,Grandmaster
75,Codeforces Round 499 (Div. 1),Jul/26/2018 18:05,29,5,+125,2411,Grandmaster
74,Codeforces Round 497 (Div. 1),Jul/13/2018 17:35,58,2,+104,2286,Master
73,Codeforces Round 488 by NEAR (Div. 1),Jun/16/2018 19:35,135,2,+22,2182,Master
72,Codeforces Round 485 (Div. 1),May/29/2018 18:35,291,2,-44,2160,Master
71,Avito Code Challenge 2018,May/27/2018 17:50,179,5,+26,2204,Master
70,Codeforces Round 480 (Div. 2),May/08/2018 18:05,10,4,+170,2178,Master
69,"Codeforces Round 477 (rated, Div. 1, based on VK Cup 2018 Round 3)",Apr/29/2018 16:15,221,3,+27,2008,Candidate Master
68,Tinkoff Internship Warmup Round 2018 and Codeforces Round 475 (Div. 1),Apr/17/2018 17:05,425,0,-99,1981,Candidate Master
67,"Divide by Zero 2018 and Codeforces Round 474 (Div. 1 + Div. 2, combined)",Apr/07/2018 19:05,261,5,+24,2080,Candidate Master
66,"Codeforces Round 472 (rated, Div. 1, based on VK Cup 2018 Round 2)",Mar/24/2018 18:35,204,3,-9,2056,Candidate Master
65,"Codeforces Round 470 (rated, Div. 1, based on VK Cup 2018 Round 1)",Mar/10/2018 18:35,350,3,-69,2065,Candidate Master
64,"Codeforces Round 468 (Div. 1, based on Technocup 2018 Final Round)",Mar/04/2018 18:35,381,2,-88,2134,Master
63,"ICM Technex 2018 and Codeforces Round 463 (Div. 1 + Div. 2, combined)",Feb/15/2018 17:35,133,4,+52,2222,Master
62,Codeforces Round 459 (Div. 1),Jan/29/2018 17:35,194,2,-38,2170,Master
61,"Codecraft-18 and Codeforces Round 458 (Div. 1 + Div. 2, combined)",Jan/20/2018 18:35,90,5,+100,2208,Master
60,Hello 2018,Jan/08/2018 17:45,109,5,+146,2108,Master
59,Good Bye 2017,Dec/29/2017 18:40,1034,3,-26,1962,Candidate Master
58,Codeforces Round 453 (Div. 1),Dec/19/2017 18:35,235,1,+14,1988,Candidate Master
57,Codeforces Round 449 (Div. 1),Dec/02/2017 17:05,296,1,-10,1974,Candidate Master
56,Codeforces Round 446 (Div. 1),Nov/17/2017 17:35,413,0,-101,1984,Candidate Master
55,Codeforces Round 443 (Div. 1),Oct/26/2017 17:45,188,1,+1,2085,Candidate Master
54,"Codeforces Round 441 (Div. 1, by Moscow Team Olympiad)",Oct/16/2017 14:05,403,2,-108,2084,Candidate Master
53,Codeforces Round 438 by Sberbank and Barcelona Bootcamp (Div. 1 + Div. 2 combined),Oct/05/2017 10:05,758,2,-144,2192,Master
52,"Manthan, Codefest 17",Sep/24/2017 17:35,89,4,+35,2336,International Master
51,"Codeforces Round 433 (Div. 1, based on Olympiad of Metropolises)",Sep/06/2017 15:55,41,4,+122,2301,International Master
50,"Codeforces Round 432 (Div. 1, based on IndiaHacks Final Round 2017)",Sep/04/2017 17:35,151,2,-2,2179,Master
49,Codeforces Round 431 (Div. 1),Sep/01/2017 16:35,101,2,+85,2181,Master
48,AIM Tech Round 4 (Div. 1),Aug/24/2017 19:35,80,2,+170,2096,Candidate Master
47,Codeforces Round 429 (Div. 1),Aug/18/2017 18:05,431,1,-56,1926,Candidate Master
46,"Codeforces Round 424 (Div. 1, rated, based on VK Cup Finals)",Jul/13/2017 18:05,228,2,+37,1982,Candidate Master
45,Codeforces Round 419 (Div. 1),Jun/17/2017 17:35,370,1,+2,1945,Candidate Master
44,"Playrix Codescapes Cup (Codeforces Round 413, rated, Div. 1 + Div. 2)",May/11/2017 18:35,413,3,+39,1943,Candidate Master
43,Codeforces Round 411 (Div. 1),May/04/2017 17:50,458,2,-43,1904,Candidate Master
42,Codeforces Round 407 (Div. 1),Mar/29/2017 19:05,398,1,-66,1947,Candidate Master
41,"Codeforces Round 405 (rated, Div. 1, based on VK Cup 2017 Round 1)",Mar/18/2017 18:35,304,1,-48,2013,Candidate Master
40,"ICM Technex 2017 and Codeforces Round 400 (Div. 1 + Div. 2, combined)",Feb/23/2017 17:45,574,3,-26,2061,Candidate Master
39,"Divide by Zero 2017 and Codeforces Round 399 (Div. 1 + Div. 2, combined)",Feb/20/2017 19:05,329,4,+19,2087,Candidate Master
38,Codeforces Round 397 by Kaspersky Lab and Barcelona Bootcamp (Div. 1 + Div. 2 combined),Feb/14/2017 11:05,222,5,+54,2068,Candidate Master
37,Codeforces Round 395 (Div. 1),Feb/02/2017 16:35,299,1,+2,2014,Candidate Master
36,Codeforces Round 390 (Div. 2),Jan/06/2017 17:35,27,3,+125,2012,Candidate Master
35,Good Bye 2016,Dec/30/2016 17:15,2074,2,-74,1887,Expert
34,Codeforces Round 385 (Div. 1),Dec/17/2016 19:35,325,2,+5,1961,Candidate Master
33,Codeforces Round 383 (Div. 1),Dec/06/2016 17:35,377,2,-32,1956,Candidate Master
32,Codeforces Round 381 (Div. 1),Nov/23/2016 19:35,318,2,-11,1988,Candidate Master
31,Canada Cup 2016,Oct/22/2016 18:05,380,4,+31,1999,Candidate Master
30,"Intel Code Challenge Elimination Round (Div. 1 + Div. 2, combined)",Oct/01/2016 17:05,444,4,+36,1968,Candidate Master
29,Codeforces Round 371 (Div. 1),Sep/13/2016 19:35,346,1,-3,1932,Candidate Master
28,Codeforces Round 369 (Div. 2),Aug/29/2016 15:05,135,4,+44,1935,Candidate Master
27,AIM Tech Round 3 (Div. 1),Aug/24/2016 19:35,466,1,-41,1891,Expert
26,Codeforces Round 367 (Div. 2),Aug/11/2016 19:35,104,4,+61,1932,Candidate Master
25,Codeforces Round 364 (Div. 2),Jul/22/2016 19:35,225,4,+30,1871,Expert
24,Codeforces Round 363 (Div. 1),Jul/19/2016 16:05,513,1,-69,1841,Expert
23,Codeforces Round 362 (Div. 1),Jul/14/2016 19:35,350,2,-14,1910,Candidate Master
22,Codeforces Round 354 (Div. 2),May/25/2016 18:05,36,4,+124,1924,Candidate Master
21,Codeforces Round 353 (Div. 2),May/16/2016 19:35,141,3,+84,1800,Expert
20,Codeforces Round 352 (Div. 2),May/11/2016 19:35,485,2,+2,1716,Expert
19,"Codeforces Round 351 (VK Cup 2016 Round 3, Div. 2 Edition)",May/07/2016 18:05,383,4,0,1714,Expert
18,Codeforces Round 350 (Div. 2),May/05/2016 19:05,413,5,+23,1714,Expert
17,Codeforces Round 349 (Div. 2),Apr/29/2016 19:35,994,2,-72,1691,Expert
16,Codeforces Round 346 (Div. 2),Mar/30/2016 19:05,139,5,+102,1763,Expert
15,Codeforces Round 345 (Div. 2),Mar/07/2016 12:25,946,3,-46,1661,Expert
14,Codeforces Round 344 (Div. 2),Mar/03/2016 19:35,511,2,-2,1707,Expert
13,Codeforces Round 342 (Div. 2),Feb/07/2016 12:05,403,3,+24,1709,Expert
12,Codeforces Round 341 (Div. 2),Jan/31/2016 17:05,543,3,+28,1685,Expert
11,Codeforces Round 340 (Div. 2),Jan/23/2016 18:35,331,3,+70,1657,Expert
10,Codeforces Round 338 (Div. 2),Jan/08/2016 17:05,785,2,+22,1587,Specialist
9,Good Bye 2015,Dec/30/2015 18:05,2179,2,-15,1565,Specialist
8,Codeforces Round 337 (Div. 2),Dec/27/2015 14:20,743,2,+6,1580,Specialist
7,Codeforces Round 295 (Div. 2),Mar/02/2015 10:00,418,2,-56,1574,Specialist
6,Codeforces Round 294 (Div. 2),Feb/28/2015 16:00,394,3,-47,1630,Expert
5,Codeforces Round 286 (Div. 2),Jan/18/2015 16:00,55,2,+224,1677,Expert
4,Codeforces Round 274 (Div. 2),Oct/19/2014 13:00,772,2,+83,1453,Specialist
3,Codeforces Round 268 (Div. 2),Sep/20/2014 17:00,1494,2,-77,1370,Pupil
2,Codeforces Round 256 (Div. 2),Jul/17/2014 18:00,1345,1,-90,1447,Specialist
1,Codeforces Round #FF (Div. 2),Jul/13/2014 17:00,738,2,+37,1537,Specialist
