#,Contest,Start time,Rank,Solved,Rating change,New rating,Title
169,Educational Codeforces Round 144 (Rated for Div. 2),Feb/28/2023 17:35,61,4,+70,2153,Master
168,"Codeforces Round 850 (Div. 1, based on VK Cup 2022 - Final Round)",Feb/05/2023 15:05,569,2,-10,2083,Candidate Master
167,Codeforces Round 848 (Div. 2),Feb/01/2023 17:35,131,4,+41,2093,Candidate Master
166,"TypeDB Forces 2023 (Div. 1 + Div. 2, Rated, Prizes!)",Jan/29/2023 17:35,572,5,+47,2052,Candidate Master
165,Codeforces Round 845 (Div. 2) and ByteRace 2023,Jan/21/2023 17:35,428,4,-24,2005,Candidate Master
164,"Codeforces Round 844 (Div. 1 + Div. 2, based on VK Cup 2022 - Elimination Round)",Jan/15/2023 15:05,1156,4,-51,2029,Candidate Master
163,Educational Codeforces Round 141 (Rated for Div. 2),Jan/08/2023 17:35,248,4,+11,2080,Candidate Master
162,Codeforces Round 842 (Div. 2),Jan/05/2023 17:35,265,4,+15,2069,Candidate Master
161,Good Bye 2022: 2023 is NEAR,Dec/30/2022 17:35,1279,3,-15,2054,Candidate Master
160,Codeforces Round 841 (Div. 2) and Divide by Zero 2022,Dec/27/2022 17:35,434,5,-29,2069,Candidate Master
159,Codeforces Round 840 (Div. 2) and Enigma 2022 - Cybros LNMIIT,Dec/19/2022 17:35,98,4,+61,2098,Candidate Master
158,"Polynomial Round 2022 (Div. 1 + Div. 2, Rated, Prizes!)",Dec/17/2022 17:35,1155,4,-50,2037,Candidate Master
157,Educational Codeforces Round 140 (Rated for Div. 2),Dec/16/2022 17:35,82,4,+87,2087,Candidate Master
156,Codeforces Round 837 (Div. 2),Dec/11/2022 18:35,181,4,+59,2000,Candidate Master
155,Codeforces Round 833 (Div. 2),Nov/12/2022 17:35,189,4,+70,1941,Candidate Master
154,"CodeTON Round 3 (Div. 1 + Div. 2, Rated, Prizes!)",Nov/06/2022 17:35,2143,3,-81,1871,Expert
153,Codeforces Round 832 (Div. 2),Nov/04/2022 17:35,1300,3,-79,1952,Candidate Master
152,Codeforces Round 831 (Div. 1 + Div. 2),Oct/29/2022 12:10,654,5,-11,2031,Candidate Master
151,Codeforces Round 794 (Div. 1),May/25/2022 20:35,325,2,+8,2042,Candidate Master
150,Codeforces Round 792 (Div. 1 + Div. 2),May/19/2022 17:35,831,4,-5,2034,Candidate Master
149,Educational Codeforces Round 124 (Rated for Div. 2),Mar/10/2022 17:35,171,4,+37,2039,Candidate Master
148,Codeforces Round 774 (Div. 2),Mar/04/2022 18:35,248,4,+19,2002,Candidate Master
147,Codeforces Global Round 19,Feb/12/2022 17:35,1954,4,-79,1983,Candidate Master
146,Codeforces Round 770 (Div. 2),Feb/06/2022 17:35,493,4,-20,2062,Candidate Master
145,Codeforces Round 768 (Div. 1),Jan/27/2022 17:35,732,2,-76,2082,Candidate Master
144,Codeforces Round 767 (Div. 1),Jan/22/2022 17:35,302,4,+71,2158,Master
143,Hello 2022,Jan/03/2022 17:35,766,4,+13,2087,Candidate Master
142,Good Bye 2021: 2022 is NEAR,Dec/29/2021 18:35,1188,4,-32,2074,Candidate Master
141,"Deltix Round, Autumn 2021 (open for everyone, rated, Div. 1 + Div. 2)",Nov/28/2021 17:35,659,4,-3,2106,Master
140,Codeforces Global Round 17,Nov/23/2021 17:35,614,4,+3,2109,Master
139,Codeforces Global Round 6,Dec/17/2019 18:05,888,4,-53,2106,Master
138,Codeforces Round 534 (Div. 1),Jan/22/2019 17:35,279,2,-35,2159,Master
137,Codeforces Round 530 (Div. 1),Jan/05/2019 19:35,209,2,+11,2194,Master
136,Hello 2019,Jan/04/2019 17:45,428,4,+6,2183,Master
135,Good Bye 2018,Dec/30/2018 17:35,469,4,+15,2177,Master
134,Codeforces Round 526 (Div. 1),Dec/10/2018 19:35,133,2,+24,2162,Master
133,Mail.Ru Cup 2018 Round 3,Nov/25/2018 19:35,637,4,-92,2138,Master
132,Mail.Ru Cup 2018 Round 2,Nov/10/2018 17:35,183,4,+20,2230,Master
131,Lyft Level 5 Challenge 2018 - Final Round (Open Div. 1),Nov/04/2018 21:10,146,3,-25,2210,Master
130,Codeforces Round 519 by Botan Investments,Oct/28/2018 18:35,212,5,+32,2235,Master
129,"Codeforces Round 517 (Div. 1, based on Technocup 2019 Elimination Round 2)",Oct/21/2018 11:10,116,2,+43,2203,Master
128,Mail.Ru Cup 2018 Round 1,Oct/18/2018 19:35,289,4,-5,2160,Master
127,"Codeforces Round 516 (Div. 1, by Moscow Team Olympiad)",Oct/14/2018 13:05,133,3,+43,2165,Master
126,Lyft Level 5 Challenge 2018 - Elimination Round,Oct/07/2018 20:05,350,4,+3,2122,Master
125,Codeforces Round 514 (Div. 2),Oct/05/2018 17:35,83,4,+52,2119,Master
124,Educational Codeforces Round 51 (Rated for Div. 2),Sep/20/2018 17:45,92,4,+52,2067,Candidate Master
123,Codeforces Round 509 (Div. 2),Sep/16/2018 13:35,119,5,+61,2015,Candidate Master
122,Educational Codeforces Round 50 (Rated for Div. 2),Sep/07/2018 17:35,713,3,-53,1954,Candidate Master
121,"Codeforces Round 507 (Div. 1, based on Olympiad of Metropolises)",Sep/05/2018 19:35,302,1,-69,2007,Candidate Master
120,"Manthan, Codefest 18 (rated, Div. 1 + Div. 2)",Sep/02/2018 17:35,230,5,+61,2076,Candidate Master
119,"AIM Tech Round 5 (rated, Div. 1 + Div. 2)",Aug/27/2018 19:35,1459,2,-126,2015,Candidate Master
118,Educational Codeforces Round 44 (Rated for Div. 2),May/21/2018 17:45,55,5,+63,2141,Master
117,Codeforces Round 484 (Div. 2),May/17/2018 19:35,82,4,+64,2078,Candidate Master
116,"Codeforces Round 483 (Div. 1) [Thanks, Botan Investments and Victor Shaburov!]",May/15/2018 17:45,327,2,-20,2014,Candidate Master
115,Codeforces Round 482 (Div. 2),May/14/2018 17:35,538,2,-55,2034,Candidate Master
114,Codeforces Round 480 (Div. 2),May/08/2018 18:05,182,3,+3,2089,Candidate Master
113,Good Bye 2017,Dec/29/2017 18:40,1063,3,-68,2086,Candidate Master
112,AIM Tech Round 3 (Div. 1),Aug/24/2016 19:35,396,2,-75,2154,Master
111,Wunder Fund Round 2016 (Div. 1 + Div. 2 combined),Jan/29/2016 20:10,82,4,+105,2229,Master
110,Good Bye 2015,Dec/30/2015 18:05,416,4,-6,2124,Master
109,Codeforces Round 334 (Div. 1),Dec/01/2015 18:35,154,3,+24,2130,Master
108,Codeforces Round 327 (Div. 1),Oct/25/2015 12:00,136,3,+31,2106,Master
107,Codeforces Round 326 (Div. 1),Oct/15/2015 19:30,377,1,-56,2075,Candidate Master
106,Codeforces Round 319 (Div. 1),Sep/10/2015 19:30,353,2,-84,2131,Master
105,Codeforces Round 318 [RussianCodeCup Thanks-Round] (Div. 1),Aug/29/2015 19:30,187,2,+38,2215,Master
104,Codeforces Round 317 [AimFund Thanks-Round] (Div. 1),Aug/22/2015 19:30,142,2,+74,2177,Master
103,Codeforces Round 313 (Div. 1),Jul/22/2015 17:00,276,2,+30,2103,Master
102,Codeforces Round 309 (Div. 1),Jun/24/2015 19:30,479,1,-100,2073,Candidate Master
101,Looksery Cup 2015,Jun/06/2015 16:00,508,3,-62,2173,Master
100,Codeforces Round 302 (Div. 1),May/07/2015 19:30,238,2,-73,2235,Master
99,VK Cup 2015 - Раунд 3,May/03/2015 19:00,45,3,+4,2308,International Master
98,Codeforces Round 300,Apr/26/2015 19:00,199,5,-13,2304,International Master
97,VK Cup 2015 - Round 2,Apr/17/2015 19:00,42,4,+58,2317,International Master
96,Codeforces Round 299 (Div. 1),Apr/14/2015 19:35,106,2,+41,2259,Master
95,ZeptoLab Code Rush 2015,Apr/04/2015 19:35,224,4,+61,2218,Master
94,VK Cup 2015 - Round 1,Mar/21/2015 17:00,126,4,+17,2157,Master
93,Codeforces Round 296 (Div. 1),Mar/17/2015 19:45,314,2,-70,2140,Master
92,Good Bye 2014,Dec/30/2014 18:00,263,4,-47,2210,Master
91,Codeforces Round 275 (Div. 1),Oct/24/2014 21:00,69,2,+74,2257,Master
90,Codeforces Round 270,Sep/28/2014 19:35,206,4,+20,2183,Master
89,Codeforces Round 268 (Div. 1),Sep/20/2014 17:00,126,2,+47,2163,Master
88,Codeforces Round 265 (Div. 1),Sep/07/2014 19:30,140,2,+87,2116,Master
87,Codeforces Round 260 (Div. 1),Aug/08/2014 19:30,281,2,-4,2029,Candidate Master
86,Codeforces Round 259 (Div. 1),Aug/01/2014 19:30,227,2,-6,2033,Candidate Master
85,MemSQL Start[c]UP 2.0 - Round 1,Jul/27/2014 21:00,300,4,+58,2039,Candidate Master
84,Codeforces Round 257 (Div. 1),Jul/19/2014 17:00,513,0,-105,1981,Candidate Master
83,Codeforces Round 245 (Div. 1),May/11/2014 19:40,47,3,+166,2086,Candidate Master
82,Codeforces Round 243 (Div. 1),Apr/27/2014 19:30,61,3,+176,1920,Candidate Master
81,"Coder-Strike 2014 - Finals (online edition, Div. 1)",Apr/22/2014 16:19,398,1,-71,1744,Expert
80,RCC 2014 Warmup (Div. 1),Apr/17/2014 19:40,416,1,-67,1815,Expert
79,Codeforces Round 240 (Div. 1),Apr/06/2014 19:40,548,2,-85,1882,Expert
78,Codeforces Round 239 (Div. 1),Mar/30/2014 11:00,330,1,-76,1967,Candidate Master
77,Codeforces Round 228 (Div. 1),Feb/03/2014 19:40,395,2,-87,2043,Candidate Master
76,Codeforces Round 225 (Div. 1),Jan/20/2014 19:30,632,0,-102,2130,Master
75,Codeforces Round 223 (Div. 1),Jan/12/2014 19:30,78,3,+42,2232,Master
74,Good Bye 2013,Dec/30/2013 19:30,36,5,+167,2190,Master
73,Codeforces Round 222 (Div. 1),Dec/29/2013 19:30,356,1,-84,2023,Candidate Master
72,Codeforces Round 221 (Div. 1),Dec/24/2013 18:00,135,2,-18,2107,Master
71,Codeforces Round 219 (Div. 1),Dec/13/2013 18:00,82,3,+102,2125,Master
70,Codeforces Round 215 (Div. 1),Nov/26/2013 19:30,160,3,+46,2023,Candidate Master
69,Codeforces Round 213 (Div. 1),Nov/19/2013 19:30,348,1,-81,1977,Candidate Master
68,Codeforces Round 207 (Div. 1),Oct/15/2013 16:00,116,2,+71,2058,Candidate Master
67,Codeforces Round 202 (Div. 1),Sep/27/2013 19:30,180,1,+7,1987,Candidate Master
66,Codeforces Round 198 (Div. 1),Aug/30/2013 19:30,210,3,-23,1980,Candidate Master
65,Codeforces Round 196 (Div. 1),Aug/16/2013 20:00,76,2,+100,2003,Candidate Master
64,Codeforces Round 194 (Div. 1),Jul/27/2013 12:30,208,2,+40,1903,Candidate Master
63,Codeforces Round 192 (Div. 1),Jul/20/2013 17:30,307,2,-49,1863,Expert
62,MemSQL start[c]up Round 1,Jul/13/2013 21:00,128,2,+169,1912,Candidate Master
61,Codeforces Round 189 (Div. 1),Jun/23/2013 17:00,380,1,-53,1743,Expert
60,Croc Champ 2013 - Round 1,Apr/15/2013 19:35,590,2,-59,1796,Expert
59,Codeforces Round 174 (Div. 1),Mar/17/2013 19:30,444,1,-77,1855,Expert
58,Codeforces Round 167 (Div. 1),Feb/13/2013 19:30,118,2,+102,1932,Candidate Master
57,Codeforces Round 162 (Div. 1),Jan/20/2013 17:00,291,2,-10,1830,Expert
56,Codeforces Round 160 (Div. 1),Jan/13/2013 19:30,311,1,-61,1840,Expert
55,Codeforces Round 157 (Div. 1),Dec/22/2012 19:30,185,2,+34,1901,Candidate Master
54,Codeforces Round 153 (Div. 1),Dec/06/2012 19:30,438,1,-94,1867,Expert
53,Codeforces Round 152 (Div. 1),Nov/25/2012 19:30,108,0,-73,1961,Candidate Master
52,Codeforces Round 150 (Div. 1),Nov/16/2012 19:30,94,2,+21,2034,Candidate Master
51,"Bayan 2012-2013 Elimination Round (ACM ICPC Rules, English statements)",Nov/01/2012 19:30,93,3,+79,2013,Candidate Master
50,Codeforces Round 146 (Div. 1),Oct/21/2012 11:10,127,2,+28,1934,Candidate Master
49,"Codeforces Round 145 (Div. 1, ACM-ICPC Rules)",Oct/16/2012 11:00,79,4,+55,1906,Candidate Master
48,Codeforces Round 144 (Div. 1),Oct/11/2012 19:30,179,1,-11,1851,Expert
47,Codeforces Round 140 (Div. 1),Sep/24/2012 19:30,113,2,+81,1862,Expert
46,Codeforces Round 138 (Div. 1),Sep/16/2012 19:30,333,0,-70,1781,Expert
45,Codeforces Round 136 (Div. 1),Aug/31/2012 19:30,227,2,-5,1851,Expert
44,Codeforces Round 134 (Div. 1),Aug/18/2012 11:05,66,2,+107,1856,Expert
43,Codeforces Round 133 (Div. 2),Aug/14/2012 19:30,11,4,+95,1749,Expert
42,Codeforces Round 131 (Div. 1),Jul/30/2012 19:30,248,0,-47,1654,Expert
41,Codeforces Round 129 (Div. 1),Jul/11/2012 19:30,230,2,-21,1701,Expert
40,Codeforces Round 127 (Div. 1),Jun/29/2012 19:30,275,0,-56,1722,Expert
39,Codeforces Round 121 (Div. 1),May/27/2012 19:30,247,2,-54,1778,Expert
38,Codeforces Round 119 (Div. 1),May/10/2012 19:30,201,1,-44,1832,Expert
37,Croc Champ 2012 - Round 2,Apr/20/2012 19:05,139,2,+16,1876,Expert
36,VK Cup 2012 Round 3,Apr/08/2012 19:05,245,1,-41,1860,Expert
35,Croc Champ 2012 - Round 1,Apr/06/2012 19:00,116,3,+133,1901,Candidate Master
34,Codeforces Round 114 (Div. 1),Mar/27/2012 19:00,367,1,-81,1768,Expert
33,VK Cup 2012 Round 2,Mar/25/2012 19:05,286,1,+47,1849,Expert
32,VK Cup 2012 Round 1,Mar/11/2012 19:05,473,3,+99,1802,Expert
31,Codeforces Round 110 (Div. 1),Feb/29/2012 21:30,334,1,-42,1703,Expert
30,Codeforces Round 101 (Div. 2),Jan/08/2012 19:00,17,3,+68,1745,Expert
29,Codeforces Round 100,Jan/04/2012 19:00,891,1,-76,1677,Expert
28,Codeforces Beta Round 96 (Div. 2),Dec/03/2011 19:00,7,5,+81,1753,Expert
27,Codeforces Beta Round 89 (Div. 2),Oct/07/2011 19:00,49,4,+84,1672,Expert
26,Codeforces Beta Round 87 (Div. 2 Only),Sep/15/2011 19:00,100,4,+127,1588,Specialist
25,Codeforces Beta Round 84 (Div. 2 Only),Aug/29/2011 20:00,707,2,-71,1461,Specialist
24,Codeforces Beta Round 83 (Div. 2 Only),Aug/23/2011 19:00,389,2,-49,1532,Specialist
23,Codeforces Beta Round 82 (Div. 2),Aug/19/2011 19:00,245,2,-36,1581,Specialist
22,Codeforces Beta Round 81,Aug/13/2011 19:00,403,0,-47,1617,Expert
21,Codeforces Beta Round 80 (Div. 2 Only),Aug/07/2011 15:00,45,3,+52,1664,Expert
20,Codeforces Beta Round 79 (Div. 1 Only),Aug/03/2011 21:00,229,1,-49,1612,Expert
19,Codeforces Beta Round 64,Mar/26/2011 19:00,451,1,-85,1661,Expert
18,Codeforces Beta Round 56,Feb/19/2011 19:00,185,2,-2,1746,Expert
17,Codeforces Beta Round 53,Jan/25/2011 19:00,64,3,+230,1748,Expert
16,Codeforces Beta Round 33 (Codeforces format),Oct/07/2010 19:00,255,2,-41,1518,Specialist
15,Codeforces Beta Round 30 (Codeforces format),Sep/24/2010 19:00,234,2,+9,1559,Specialist
14,Codeforces Beta Round 28 (Codeforces format),Sep/17/2010 19:00,256,1,-75,1550,Specialist
13,Codeforces Beta Round 26 (Codeforces format),Aug/16/2010 19:00,150,2,+103,1625,Expert
12,Codeforces Beta Round 24,Jul/26/2010 17:00,325,2,-94,1522,Specialist
11,Codeforces Beta Round 23,Jul/09/2010 19:00,150,2,+43,1616,Expert
10,Codeforces Beta Round 22 (Div. 2 Only),Jun/29/2010 19:00,31,4,+104,1573,Specialist
9,Codeforces Beta Round 19,Jun/24/2010 19:00,340,1,-76,1469,Specialist
8,Codeforces Beta Round 17,Jun/10/2010 19:00,234,2,+52,1545,Specialist
7,Codeforces Beta Round 13,May/06/2010 18:00,248,1,-63,1493,Specialist
6,Codeforces Beta Round 11,Apr/26/2010 19:00,170,2,-54,1556,Specialist
5,Codeforces Beta Round 10,Apr/15/2010 19:45,98,3,+144,1610,Expert
4,Codeforces Beta Round 9 (Div. 2 Only),Apr/11/2010 15:00,103,3,-23,1466,Specialist
3,Codeforces Beta Round 6 (Div. 2 Only),Mar/27/2010 10:00,51,3,+117,1489,Specialist
2,Codeforces Beta Round 4 (Div. 2 Only),Mar/12/2010 15:00,173,2,-57,1372,Pupil
1,Codeforces Beta Round 3,Mar/07/2010 15:00,171,1,-71,1429,Specialist
