#,Contest,Start time,Rank,Solved,Rating change,New rating,Title
64,Pinely Round 1 (Div. 1 + Div. 2),Nov/20/2022 17:35,110,5,+141,2257,Master
63,Codeforces Round 789 (Div. 1),May/08/2022 17:35,598,3,-58,2116,Master
62,Codeforces Round 779 (Div. 2),Mar/27/2022 17:35,21,6,+139,2174,Master
61,Educational Codeforces Round 125 (Rated for Div. 2),Mar/22/2022 17:45,274,4,+15,2035,Candidate Master
60,Codeforces Round 774 (Div. 2),Mar/04/2022 18:35,116,4,+70,2020,Candidate Master
59,Codeforces Round 772 (Div. 2),Feb/20/2022 17:35,345,4,+23,1950,Candidate Master
58,Codeforces Round 770 (Div. 2),Feb/06/2022 17:35,49,5,+216,1927,Candidate Master
57,Educational Codeforces Round 122 (Rated for Div. 2),Jan/31/2022 17:35,3512,3,-90,1711,Expert
56,Codeforces Round 769 (Div. 2),Jan/30/2022 17:35,5303,2,-137,1801,Expert
55,Codeforces Round 765 (Div. 2),Jan/12/2022 15:05,196,4,+77,1938,Candidate Master
54,"Deltix Round, Autumn 2021 (open for everyone, rated, Div. 1 + Div. 2)",Nov/28/2021 17:35,361,5,+172,1861,Expert
53,Codeforces Global Round 17,Nov/23/2021 17:35,1795,3,-1,1689,Expert
52,Educational Codeforces Round 117 (Rated for Div. 2),Nov/22/2021 12:35,660,4,+29,1690,Expert
51,"Codeforces Round 755 (Div. 2, based on Technocup 2022 Elimination Round 2)",Nov/14/2021 09:05,867,3,-20,1661,Expert
50,Codeforces Round 754 (Div. 2),Nov/12/2021 17:35,2360,3,-58,1681,Expert
49,Codeforces Round 751 (Div. 2),Oct/25/2021 09:35,117,4,+132,1739,Expert
48,"Codeforces Round 749 (Div. 1 + Div. 2, based on Technocup 2022 Elimination Round 1)",Oct/17/2021 14:05,876,4,+141,1607,Expert
47,Codeforces Round 748 (Div. 3),Oct/13/2021 17:35,3646,4,-59,1466,Specialist
46,Codeforces Round 746 (Div. 2),Oct/03/2021 17:35,2131,2,+8,1525,Specialist
45,Codeforces Round 744 (Div. 3),Sep/28/2021 17:35,615,5,+75,1517,Specialist
44,Educational Codeforces Round 114 (Rated for Div. 2),Sep/20/2021 17:35,968,3,+151,1442,Specialist
43,Codeforces Global Round 16,Sep/12/2021 17:35,4100,4,+30,1291,Pupil
42,Educational Codeforces Round 113 (Rated for Div. 2),Sep/08/2021 17:35,9052,1,-91,1261,Pupil
41,Codeforces Round 742 (Div. 2),Sep/05/2021 17:35,8546,1,-105,1352,Pupil
40,"Deltix Round, Summer 2021 (open for everyone, rated, Div. 1 + Div. 2)",Aug/29/2021 17:35,1888,3,+106,1457,Specialist
39,Codeforces Round 741 (Div. 2),Aug/26/2021 17:35,4678,2,-20,1351,Pupil
38,"Codeforces Round 740 (Div. 2, based on VK Cup 2021 - Final (Engine))",Aug/24/2021 17:35,4866,2,-47,1371,Pupil
37,Codeforces Round 739 (Div. 3),Aug/18/2021 17:35,2915,4,-13,1418,Specialist
36,Codeforces Round 738 (Div. 2),Aug/15/2021 17:35,1912,4,+89,1431,Specialist
35,Codeforces Round 737 (Div. 2),Aug/09/2021 17:35,4912,2,-5,1342,Pupil
34,Codeforces Round 736 (Div. 2),Aug/01/2021 17:35,6458,2,-58,1347,Pupil
33,Educational Codeforces Round 112 (Rated for Div. 2),Jul/30/2021 17:35,1594,4,+118,1405,Specialist
32,Codeforces Round 735 (Div. 2),Jul/29/2021 17:35,11039,1,-121,1287,Pupil
31,Codeforces Global Round 15,Jul/25/2021 17:35,2662,3,+78,1408,Specialist
30,Codeforces Round 734 (Div. 3),Jul/23/2021 17:35,4285,2,-20,1330,Pupil
29,"Codeforces Round 733 (Div. 1 + Div. 2, based on VK Cup 2021 - Elimination (Engine))",Jul/17/2021 17:35,6750,2,-70,1350,Pupil
28,Educational Codeforces Round 111 (Rated for Div. 2),Jul/14/2021 17:35,2258,3,+77,1420,Specialist
27,Codeforces Round 732 (Div. 2),Jul/11/2021 17:05,1943,3,+97,1343,Pupil
26,Codeforces Round 731 (Div. 3),Jul/10/2021 17:35,8517,2,-74,1246,Pupil
25,Codeforces Round 730 (Div. 2),Jul/07/2021 17:35,3620,2,+42,1320,Pupil
24,Codeforces Round 729 (Div. 2),Jul/03/2021 16:05,3580,2,+64,1278,Pupil
23,Codeforces Round 728 (Div. 2),Jun/25/2021 18:35,5880,2,-5,1214,Pupil
22,Codeforces Round 726 (Div. 2),Jun/18/2021 17:35,7692,2,-14,1219,Pupil
21,Codeforces Round 725 (Div. 3),Jun/10/2021 17:35,4332,3,+19,1233,Pupil
20,Codeforces Round 724 (Div. 2),Jun/06/2021 17:35,3015,2,+103,1214,Pupil
19,Codeforces Round 722 (Div. 2),May/24/2021 17:35,4750,2,+97,1111,Newbie
18,Codeforces Round 721 (Div. 2),May/20/2021 17:35,12615,1,-65,1014,Newbie
17,Codeforces Round 720 (Div. 2),May/07/2021 17:35,6245,2,+62,1079,Newbie
16,Codeforces Round 717 (Div. 2),Apr/21/2021 16:35,9819,0,-116,1017,Newbie
15,Codeforces Round 716 (Div. 2),Apr/19/2021 16:35,2640,2,+151,1133,Newbie
14,"Codeforces Round 707 (Div. 2, based on Moscow Open Olympiad in Informatics)",Mar/13/2021 12:05,5530,1,-31,982,Newbie
13,Codeforces Round 706 (Div. 2),Mar/10/2021 15:05,7746,1,-48,1013,Newbie
12,Codeforces Round 705 (Div. 2),Mar/06/2021 17:05,8544,1,-80,1061,Newbie
11,Educational Codeforces Round 105 (Rated for Div. 2),Mar/02/2021 17:45,7800,1,-39,1141,Newbie
10,Codeforces Global Round 13,Feb/28/2021 16:35,6507,1,-13,1180,Newbie
9,Codeforces Round 704 (Div. 2),Feb/23/2021 12:05,4663,2,+10,1193,Newbie
8,Codeforces Round 703 (Div. 2),Feb/18/2021 17:35,8100,1,-33,1183,Newbie
7,Codeforces Round 702 (Div. 3),Feb/16/2021 17:35,4201,3,+7,1216,Pupil
6,Educational Codeforces Round 104 (Rated for Div. 2),Feb/15/2021 17:35,6653,2,+36,1209,Pupil
5,Codeforces Round 701 (Div. 2),Feb/12/2021 17:50,3758,2,+161,1173,Newbie
4,Codeforces Round 700 (Div. 2),Feb/07/2021 17:35,8880,1,+103,1012,Newbie
3,Codeforces Round 699 (Div. 2),Feb/05/2021 17:35,6477,2,+253,909,Newbie
2,Educational Codeforces Round 103 (Rated for Div. 2),Jan/29/2021 17:35,10423,0,+223,656,Newbie
1,Codeforces Round 698 (Div. 2),Jan/28/2021 17:35,8327,1,+433,433,Newbie
