#,Contest,Start time,Rank,Solved,Rating change,New rating,Title
66,"Codeforces Round 844 (Div. 1 + Div. 2, based on VK Cup 2022 - Elimination Round)",Jan/15/2023 15:05,574,4,-63,2345,International Master
65,Hello 2023,Jan/03/2023 17:35,246,5,+33,2408,Grandmaster
64,Good Bye 2022: 2023 is NEAR,Dec/30/2022 17:35,335,5,+28,2375,International Master
63,"Polynomial Round 2022 (Div. 1 + Div. 2, Rated, Prizes!)",Dec/17/2022 17:35,117,7,+106,2347,International Master
62,Codeforces Global Round 24,Nov/26/2022 17:05,631,4,-58,2241,Master
61,"CodeTON Round 3 (Div. 1 + Div. 2, Rated, Prizes!)",Nov/06/2022 17:35,693,4,-69,2299,Master
60,Codeforces Round 814 (Div. 1),Aug/16/2022 17:35,195,4,+26,2368,International Master
59,"CodeTON Round 2 (Div. 1 + Div. 2, Rated, Prizes!)",Jul/31/2022 17:05,306,5,+23,2342,International Master
58,Codeforces Round 808 (Div. 1),Jul/16/2022 17:35,405,2,-47,2319,International Master
57,Codeforces Global Round 21,Jun/25/2022 17:35,365,5,-2,2366,International Master
56,Codeforces Round 800 (Div. 1),Jun/16/2022 17:35,191,3,+34,2368,International Master
55,Codeforces Round 796 (Div. 1),Jun/03/2022 17:35,307,2,-31,2334,International Master
54,Codeforces Round 794 (Div. 1),May/25/2022 20:35,137,2,+25,2365,International Master
53,Codeforces Round 792 (Div. 1 + Div. 2),May/19/2022 17:35,216,5,+45,2340,International Master
52,Codeforces Round 789 (Div. 1),May/08/2022 17:35,335,3,-19,2295,Master
51,Codeforces Global Round 20,Apr/23/2022 17:05,138,7,+130,2314,International Master
50,Codeforces Round 783 (Div. 1),Apr/19/2022 17:35,642,1,-86,2184,Master
49,"CodeTON Round 1 (Div. 1 + Div. 2, Rated, Prizes!)",Mar/24/2022 17:35,179,5,+112,2270,Master
48,"Codeforces Round 778 (Div. 1 + Div. 2, based on Technocup 2022 Final Round)",Mar/20/2022 14:35,476,4,+20,2158,Master
47,"Codeforces Round 775 (Div. 1, based on Moscow Open Olympiad in Informatics)",Mar/06/2022 12:55,390,3,+12,2138,Master
46,Codeforces Round 773 (Div. 1),Feb/23/2022 13:10,549,2,-26,2126,Master
45,Codeforces Round 768 (Div. 1),Jan/27/2022 17:35,522,2,-33,2152,Master
44,Codeforces Round 767 (Div. 1),Jan/22/2022 17:35,440,3,0,2185,Master
43,Hello 2022,Jan/03/2022 17:35,294,5,+93,2185,Master
42,Good Bye 2021: 2022 is NEAR,Dec/29/2021 18:35,1092,4,-27,2092,Candidate Master
41,"Codeforces Round 755 (Div. 1, based on Technocup 2022 Elimination Round 2)",Nov/14/2021 09:05,422,2,-41,2119,Master
40,Codeforces Global Round 16,Sep/12/2021 17:35,497,6,+33,2160,Master
39,"Deltix Round, Summer 2021 (open for everyone, rated, Div. 1 + Div. 2)",Aug/29/2021 17:35,664,5,+11,2127,Master
38,"Codeforces Round 740 (Div. 1, based on VK Cup 2021 - Final (Engine))",Aug/24/2021 17:35,559,3,-24,2116,Master
37,Codeforces Round 736 (Div. 1),Aug/01/2021 17:35,778,2,-65,2140,Master
36,Codeforces Global Round 15,Jul/25/2021 17:35,818,4,-39,2205,Master
35,"Harbour.Space Scholarship Contest 2021-2022 (open for everyone, rated, Div. 1 + Div. 2)",Jul/22/2021 17:35,529,5,-16,2244,Master
34,"Codeforces Round 733 (Div. 1 + Div. 2, based on VK Cup 2021 - Elimination (Engine))",Jul/17/2021 17:35,367,5,+17,2260,Master
33,Codeforces Round 732 (Div. 1),Jul/11/2021 17:05,394,2,-8,2243,Master
32,Codeforces Round 728 (Div. 1),Jun/25/2021 18:35,266,2,+11,2251,Master
31,Codeforces LATOKEN Round 1 (Div. 1 + Div. 2),Jun/13/2021 18:35,305,5,+41,2240,Master
30,"Deltix Round, Spring 2021 (open for everyone, rated, Div. 1 + Div. 2)",May/30/2021 17:35,681,3,-16,2199,Master
29,Codeforces Round 722 (Div. 1),May/24/2021 17:35,414,3,-5,2215,Master
28,Codeforces Global Round 14,May/02/2021 17:35,219,6,+107,2220,Master
27,Codeforces Round 706 (Div. 1),Mar/10/2021 15:05,795,2,-51,2113,Master
26,Good Bye 2020,Dec/30/2020 17:35,699,6,+21,2164,Master
25,Codeforces Global Round 12,Dec/06/2020 17:35,294,5,+96,2143,Master
24,"Codeforces Round 687 (Div. 1, based on Technocup 2021 Elimination Round 2)",Nov/29/2020 10:05,702,1,-66,2047,Candidate Master
23,Codeforces Global Round 11,Oct/10/2020 17:50,1387,3,-64,2113,Master
22,Codeforces Round 668 (Div. 1),Sep/06/2020 17:35,841,2,-83,2177,Master
21,Codeforces Round 666 (Div. 1),Aug/30/2020 17:35,359,3,+17,2260,Master
20,Codeforces Global Round 10,Aug/16/2020 17:35,150,6,+122,2243,Master
19,Codeforces Round 664 (Div. 1),Aug/12/2020 17:35,897,0,-115,2121,Master
18,Codeforces Round 659 (Div. 1),Jul/24/2020 17:35,340,2,+26,2236,Master
17,Codeforces Round 658 (Div. 1),Jul/21/2020 17:35,404,3,+16,2210,Master
16,Codeforces Global Round 9,Jul/04/2020 17:45,965,4,-17,2194,Master
15,Codeforces Global Round 8,Jun/18/2020 17:45,272,5,+89,2211,Master
14,Educational Codeforces Round 89 (Rated for Div. 2),Jun/11/2020 17:35,163,5,+58,2122,Master
13,Codeforces Round 648 (Div. 2),Jun/07/2020 17:35,133,6,+107,2064,Candidate Master
12,"Codeforces Round 647 (Div. 1) - Thanks, Algo Muse!",Jun/04/2020 17:35,745,2,+2,1957,Candidate Master
11,Codeforces Round 646 (Div. 2),May/31/2020 17:35,619,4,+40,1955,Candidate Master
10,Codeforces Round 635 (Div. 2),Apr/15/2020 17:35,356,4,+58,1915,Candidate Master
9,Codeforces Round 633 (Div. 2),Apr/12/2020 17:05,1007,4,-8,1857,Expert
8,"Codeforces Round 631 (Div. 1) - Thanks, Denis aramis Shitov!",Apr/03/2020 17:35,1115,2,-44,1865,Expert
7,Codeforces Round 630 (Div. 2),Mar/31/2020 16:35,905,4,+21,1909,Candidate Master
6,Educational Codeforces Round 84 (Rated for Div. 2),Mar/23/2020 17:35,702,4,+44,1888,Expert
5,Codeforces Global Round 7,Mar/19/2020 17:35,763,5,+110,1844,Expert
4,Codeforces Round 628 (Div. 2),Mar/14/2020 17:35,524,4,+108,1734,Expert
3,Codeforces Round 627 (Div. 3),Mar/12/2020 16:05,703,5,+29,1626,Expert
2,Educational Codeforces Round 83 (Rated for Div. 2),Mar/09/2020 17:35,882,4,+102,1597,Specialist
1,"Codeforces Round 626 (Div. 2, based on Moscow Open Olympiad in Informatics)",Mar/07/2020 12:35,1866,2,-5,1495,Specialist
