#,Contest,Start time,Rank,Solved,Rating change,New rating,Title
85,Codeforces Round 829 (Div. 1),Oct/23/2022 10:50,786,3,-86,2144,Master
84,Codeforces Round 801 (Div. 2) and EPIC Institute of Technology Round,Jun/18/2022 17:35,12,5,+155,2230,Master
83,Codeforces Round 800 (Div. 1),Jun/16/2022 17:35,673,2,-82,2075,Candidate Master
82,Codeforces Round 796 (Div. 1),Jun/03/2022 17:35,321,2,+22,2157,Master
81,"CodeTON Round 1 (Div. 1 + Div. 2, Rated, Prizes!)",Mar/24/2022 17:35,596,4,+22,2135,Master
80,Codeforces Round 777 (Div. 2),Mar/11/2022 17:35,103,4,+55,2113,Master
79,"Codeforces Round 775 (Div. 1, based on Moscow Open Olympiad in Informatics)",Mar/06/2022 12:55,752,1,-90,2058,Candidate Master
78,Codeforces Round 773 (Div. 1),Feb/23/2022 13:10,729,1,-81,2148,Master
77,Codeforces Round 767 (Div. 1),Jan/22/2022 17:35,161,5,+130,2229,Master
76,Hello 2022,Jan/03/2022 17:35,762,4,+9,2099,Candidate Master
75,Codeforces Global Round 18,Dec/24/2021 17:35,755,3,-4,2090,Candidate Master
74,Codeforces Global Round 17,Nov/23/2021 17:35,473,4,+41,2094,Candidate Master
73,Codeforces Round 754 (Div. 2),Nov/12/2021 17:35,391,3,-18,2053,Candidate Master
72,Codeforces Round 752 (Div. 1),Oct/30/2021 17:35,759,2,-52,2071,Candidate Master
71,Codeforces Global Round 16,Sep/12/2021 17:35,854,6,-19,2123,Master
70,Educational Codeforces Round 113 (Rated for Div. 2),Sep/08/2021 17:35,30,4,+139,2142,Master
69,Codeforces Round 742 (Div. 2),Sep/05/2021 17:35,293,4,+33,2003,Candidate Master
68,"Deltix Round, Summer 2021 (open for everyone, rated, Div. 1 + Div. 2)",Aug/29/2021 17:35,2945,2,-132,1970,Candidate Master
67,"Codeforces Round 740 (Div. 1, based on VK Cup 2021 - Final (Engine))",Aug/24/2021 17:35,752,2,-75,2102,Master
66,Codeforces Round 736 (Div. 1),Aug/01/2021 17:35,709,2,-59,2177,Master
65,Codeforces Global Round 15,Jul/25/2021 17:35,309,6,+61,2236,Master
64,"Harbour.Space Scholarship Contest 2021-2022 (open for everyone, rated, Div. 1 + Div. 2)",Jul/22/2021 17:35,404,5,+36,2175,Master
63,"Codeforces Round 733 (Div. 1 + Div. 2, based on VK Cup 2021 - Elimination (Engine))",Jul/17/2021 17:35,1441,4,-95,2139,Master
62,Codeforces Round 732 (Div. 1),Jul/11/2021 17:05,223,2,+74,2234,Master
61,Codeforces Round 728 (Div. 1),Jun/25/2021 18:35,289,2,+34,2160,Master
60,Codeforces Round 724 (Div. 2),Jun/06/2021 17:35,128,4,+47,2126,Master
59,Educational Codeforces Round 110 (Rated for Div. 2),Jun/04/2021 17:35,361,4,-8,2079,Candidate Master
58,"Deltix Round, Spring 2021 (open for everyone, rated, Div. 1 + Div. 2)",May/30/2021 17:35,805,3,-1,2087,Candidate Master
57,Codeforces Round 722 (Div. 1),May/24/2021 17:35,934,1,-109,2088,Candidate Master
56,Codeforces Round 721 (Div. 2),May/20/2021 17:35,31,5,+126,2197,Master
55,Codeforces Round 720 (Div. 2),May/07/2021 17:35,62,3,+131,2071,Candidate Master
54,Codeforces Global Round 14,May/02/2021 17:35,837,4,+57,1940,Candidate Master
53,Educational Codeforces Round 108 (Rated for Div. 2),Apr/29/2021 17:35,2049,3,-82,1883,Expert
52,Contest 2050 and Codeforces Round 718 (Div. 1 + Div. 2),Apr/23/2021 17:35,1928,3,-65,1965,Candidate Master
51,Codeforces Round 715 (Div. 1),Apr/16/2021 17:35,639,2,-28,2030,Candidate Master
50,Educational Codeforces Round 107 (Rated for Div. 2),Apr/12/2021 17:35,229,5,+22,2058,Candidate Master
49,Codeforces Round 712 (Div. 1),Apr/03/2021 17:35,392,3,+84,2036,Candidate Master
48,Educational Codeforces Round 106 (Rated for Div. 2),Mar/18/2021 17:50,569,3,-7,1952,Candidate Master
47,Codeforces Round 706 (Div. 1),Mar/10/2021 15:05,664,2,+37,1959,Candidate Master
46,Codeforces Round 705 (Div. 2),Mar/06/2021 17:05,1239,2,-60,1922,Candidate Master
45,Educational Codeforces Round 105 (Rated for Div. 2),Mar/02/2021 17:45,1117,2,-52,1982,Candidate Master
44,Codeforces Global Round 13,Feb/28/2021 16:35,1653,3,-53,2034,Candidate Master
43,Codeforces Round 703 (Div. 2),Feb/18/2021 17:35,229,5,+39,2087,Candidate Master
42,Codeforces Round 700 (Div. 1),Feb/07/2021 17:35,681,2,-9,2048,Candidate Master
41,Codeforces Round 699 (Div. 2),Feb/05/2021 17:35,116,4,+90,2057,Candidate Master
40,Codeforces Round 698 (Div. 2),Jan/28/2021 17:35,39,5,+164,1967,Candidate Master
39,Codeforces Round 696 (Div. 2),Jan/19/2021 17:35,8209,1,-183,1803,Expert
38,"Codeforces Round 692 (Div. 1, based on Technocup 2021 Elimination Round 3)",Dec/20/2020 18:05,488,2,+19,1986,Candidate Master
37,Codeforces Round 684 (Div. 1),Nov/17/2020 17:35,873,1,-85,1967,Candidate Master
36,"Codeforces Round 683 (Div. 1, by Meet IT)",Nov/15/2020 17:35,654,2,-45,2052,Candidate Master
35,"Codeforces Round 681 (Div. 1, based on VK Cup 2019-2020 - Final)",Nov/02/2020 17:35,475,2,0,2097,Candidate Master
34,"Codeforces Round 679 (Div. 1, based on Technocup 2021 Elimination Round 1)",Oct/25/2020 14:05,584,2,-54,2097,Candidate Master
33,Codeforces Round 676 (Div. 2),Oct/18/2020 12:05,35,4,+122,2151,Master
32,Codeforces Raif Round 1 (Div. 1 + Div. 2),Oct/17/2020 16:05,966,4,+4,2029,Candidate Master
31,Codeforces Global Round 11,Oct/10/2020 17:50,459,4,+103,2025,Candidate Master
30,Codeforces Round 671 (Div. 2),Sep/19/2020 17:35,1703,4,-70,1922,Candidate Master
29,Codeforces Round 668 (Div. 1),Sep/06/2020 17:35,967,2,-65,1992,Candidate Master
28,Educational Codeforces Round 94 (Rated for Div. 2),Aug/25/2020 17:35,363,4,+17,2057,Candidate Master
27,Codeforces Round 664 (Div. 1),Aug/12/2020 17:35,605,1,+15,2040,Candidate Master
26,Codeforces Round 663 (Div. 2),Aug/09/2020 17:35,962,3,-45,2025,Candidate Master
25,Codeforces Round 659 (Div. 1),Jul/24/2020 17:35,1170,0,-111,2070,Candidate Master
24,Codeforces Round 658 (Div. 1),Jul/21/2020 17:35,384,3,+34,2181,Master
23,Codeforces Global Round 9,Jul/04/2020 17:45,923,4,+3,2147,Master
22,Codeforces Global Round 8,Jun/18/2020 17:45,1128,4,-31,2144,Master
21,Educational Codeforces Round 89 (Rated for Div. 2),Jun/11/2020 17:35,32,5,+148,2175,Master
20,"Codeforces Round 647 (Div. 1) - Thanks, Algo Muse!",Jun/04/2020 17:35,1114,0,-110,2027,Candidate Master
19,Educational Codeforces Round 88 (Rated for Div. 2),May/28/2020 17:35,54,5,+125,2137,Master
18,Codeforces Round 645 (Div. 2),May/26/2020 17:35,283,4,+64,2012,Candidate Master
17,Educational Codeforces Round 87 (Rated for Div. 2),May/17/2020 12:20,302,5,+69,1948,Candidate Master
16,Codeforces Round 643 (Div. 2),May/16/2020 14:35,810,3,+38,1879,Expert
15,Codeforces Round 641 (Div. 2),May/12/2020 15:35,1033,3,-1,1841,Expert
14,Codeforces Round 638 (Div. 2),May/01/2020 17:35,1335,3,+15,1842,Expert
13,Educational Codeforces Round 86 (Rated for Div. 2),Apr/26/2020 17:35,246,4,+169,1827,Expert
12,"Codeforces Round 637 (Div. 2) - Thanks, Ivan Belonogov!",Apr/23/2020 17:45,1530,3,+55,1658,Expert
11,Codeforces Round 633 (Div. 2),Apr/12/2020 17:05,768,4,+121,1603,Expert
10,Hello 2020,Jan/04/2020 15:05,3193,2,+28,1482,Specialist
9,Codeforces Round 608 (Div. 2),Dec/15/2019 12:15,1826,3,+23,1454,Specialist
8,Codeforces Round 607 (Div. 2),Dec/15/2019 08:05,3072,1,-102,1431,Specialist
7,"Codeforces Round 596 (Div. 2, based on Technocup 2020 Elimination Round 2)",Oct/26/2019 14:05,2847,2,-79,1533,Specialist
6,Codeforces Round 594 (Div. 2),Oct/20/2019 12:05,581,3,+73,1612,Expert
5,Codeforces Round 592 (Div. 2),Oct/13/2019 12:05,1156,3,+65,1539,Specialist
4,Codeforces Round 587 (Div. 3),Sep/21/2019 10:05,634,4,+62,1474,Specialist
3,"Codeforces Round 583 (Div. 1 + Div. 2, based on Olympiad of Metropolises)",Sep/04/2019 12:05,2279,3,-5,1412,Specialist
2,Educational Codeforces Round 68 (Rated for Div. 2),Jul/14/2019 17:45,4184,1,-82,1417,Specialist
1,Codeforces Round 564 (Div. 2),Jun/07/2019 15:05,1673,2,-1,1499,Specialist
