#,Contest,Start time,Rank,Solved,Rating change,New rating,Title
80,Hello 2023,Jan/03/2023 17:35,194,6,+67,2382,International Master
79,Hello 2022,Jan/03/2022 17:35,212,5,+80,2315,International Master
78,Good Bye 2021: 2022 is NEAR,Dec/29/2021 18:35,327,5,+67,2235,Master
77,Codeforces Global Round 18,Dec/24/2021 17:35,608,4,-4,2168,Master
76,"Deltix Round, Autumn 2021 (open for everyone, rated, Div. 1 + Div. 2)",Nov/28/2021 17:35,657,4,-24,2172,Master
75,Codeforces Round 745 (Div. 1),Sep/30/2021 13:15,335,1,-31,2196,Master
74,Codeforces Global Round 16,Sep/12/2021 17:35,530,6,+3,2227,Master
73,Codeforces Round 736 (Div. 1),Aug/01/2021 17:35,310,3,+51,2224,Master
72,Codeforces Global Round 15,Jul/25/2021 17:35,675,5,-6,2173,Master
71,"Harbour.Space Scholarship Contest 2021-2022 (open for everyone, rated, Div. 1 + Div. 2)",Jul/22/2021 17:35,314,5,+62,2179,Master
70,"Codeforces Round 733 (Div. 1 + Div. 2, based on VK Cup 2021 - Elimination (Engine))",Jul/17/2021 17:35,2117,4,-133,2117,Master
69,Codeforces LATOKEN Round 1 (Div. 1 + Div. 2),Jun/13/2021 18:35,340,5,+24,2250,Master
68,"Deltix Round, Spring 2021 (open for everyone, rated, Div. 1 + Div. 2)",May/30/2021 17:35,582,3,-8,2226,Master
67,Codeforces Global Round 14,May/02/2021 17:35,446,5,+24,2234,Master
66,Технокубок 2021 - Финал,Mar/21/2021 13:20,137,5,-50,2210,Master
65,Codeforces Round 706 (Div. 1),Mar/10/2021 15:05,507,2,-28,2260,Master
64,Codeforces Global Round 13,Feb/28/2021 16:35,460,4,+15,2288,Master
63,Codeforces Round 700 (Div. 1),Feb/07/2021 17:35,311,3,+30,2273,Master
62,Codeforces Round 694 (Div. 1),Jan/05/2021 17:35,436,3,-24,2243,Master
61,Technocup 2021 - Elimination Round 3,Dec/20/2020 18:05,6,4,+16,2267,Master
60,Codeforces Round 678 (Div. 2),Oct/24/2020 17:05,6,5,+193,2251,Master
59,Codeforces Round 676 (Div. 2),Oct/18/2020 12:05,399,4,-14,2058,Candidate Master
58,Codeforces Raif Round 1 (Div. 1 + Div. 2),Oct/17/2020 16:05,2380,3,-123,2072,Candidate Master
57,Codeforces Global Round 11,Oct/10/2020 17:50,574,4,+13,2195,Master
56,Grakn Forces 2020,Sep/30/2020 17:35,493,5,+27,2182,Master
55,Codeforces Round 673 (Div. 1),Sep/27/2020 18:05,586,2,-39,2155,Master
54,Codeforces Round 658 (Div. 1),Jul/21/2020 17:35,647,3,-37,2194,Master
53,Codeforces Round 651 (Div. 2),Jun/20/2020 17:35,10,6,+197,2231,Master
52,Codeforces Global Round 8,Jun/18/2020 17:45,828,4,+41,2034,Candidate Master
51,Codeforces Round 649 (Div. 2),Jun/13/2020 18:05,818,3,-7,1993,Candidate Master
50,Educational Codeforces Round 89 (Rated for Div. 2),Jun/11/2020 17:35,1591,3,-67,2000,Candidate Master
49,Codeforces Round 648 (Div. 2),Jun/07/2020 17:35,551,5,+2,2067,Candidate Master
48,"Codeforces Round 647 (Div. 1) - Thanks, Algo Muse!",Jun/04/2020 17:35,911,1,-70,2065,Candidate Master
47,Codeforces Round 646 (Div. 2),May/31/2020 17:35,256,5,+38,2135,Master
46,Educational Codeforces Round 88 (Rated for Div. 2),May/28/2020 17:35,273,5,+35,2097,Candidate Master
45,Codeforces Round 645 (Div. 2),May/26/2020 17:35,235,4,+57,2062,Candidate Master
44,Codeforces Round 638 (Div. 2),May/01/2020 17:35,1978,3,-70,2005,Candidate Master
43,Educational Codeforces Round 86 (Rated for Div. 2),Apr/26/2020 17:35,662,4,-9,2075,Candidate Master
42,Codeforces Round 635 (Div. 1),Apr/15/2020 17:35,443,3,+68,2084,Candidate Master
41,Codeforces Round 633 (Div. 1),Apr/12/2020 17:05,946,2,-38,2016,Candidate Master
40,Educational Codeforces Round 85 (Rated for Div. 2),Apr/10/2020 17:35,262,4,+61,2054,Candidate Master
39,Codeforces Round 632 (Div. 2),Apr/08/2020 17:35,398,4,+53,1993,Candidate Master
38,Codeforces Round 630 (Div. 2),Mar/31/2020 16:35,2046,4,-56,1940,Candidate Master
37,Educational Codeforces Round 84 (Rated for Div. 2),Mar/23/2020 17:35,358,4,+56,1996,Candidate Master
36,Codeforces Global Round 7,Mar/19/2020 17:35,2251,4,-54,1940,Candidate Master
35,"Ozon Tech Challenge 2020 (Div.1 + Div.2, Rated, T-shirts + prizes!)",Mar/03/2020 17:35,556,5,+69,1994,Candidate Master
34,Технокубок 2020 - Финал,Mar/01/2020 13:10,137,5,+31,1925,Candidate Master
33,"Codeforces Round 623 (Div. 2, based on VK Cup 2019-2020 - Elimination Round, Engine)",Feb/23/2020 19:05,102,4,+72,1894,Expert
32,Codeforces Round 622 (Div. 2),Feb/23/2020 12:05,1059,3,-16,1822,Expert
31,Codeforces Round 621 (Div. 1 + Div. 2),Feb/17/2020 18:35,2679,3,-91,1838,Expert
30,Codeforces Round 619 (Div. 2),Feb/13/2020 17:35,399,4,+42,1929,Candidate Master
29,Educational Codeforces Round 82 (Rated for Div. 2),Feb/12/2020 17:35,442,4,+56,1887,Expert
28,Codeforces Round 618 (Div. 2),Feb/09/2020 17:05,712,4,+4,1831,Expert
27,Codeforces Round 614 (Div. 2),Jan/19/2020 16:35,328,4,+54,1827,Expert
26,Codeforces Round 612 (Div. 2),Jan/05/2020 17:05,1352,2,-49,1773,Expert
25,Hello 2020,Jan/04/2020 15:05,1381,3,+26,1822,Expert
24,Good Bye 2019,Dec/29/2019 17:05,1262,4,+38,1796,Expert
23,Educational Codeforces Round 78 (Rated for Div. 2),Dec/19/2019 17:35,1007,3,-4,1758,Expert
22,Codeforces Round 604 (Div. 2),Dec/05/2019 17:35,639,3,+12,1762,Expert
21,Technocup 2020 - Elimination Round 3,Nov/24/2019 11:05,75,4,+68,1750,Expert
20,Codeforces Round 599 (Div. 2),Nov/06/2019 18:05,814,4,+23,1682,Expert
19,Educational Codeforces Round 75 (Rated for Div. 2),Oct/24/2019 18:05,851,3,+45,1659,Expert
18,Codeforces Round 594 (Div. 2),Oct/20/2019 12:05,1112,3,+8,1614,Expert
17,Codeforces Round 592 (Div. 2),Oct/13/2019 12:05,1809,2,-17,1606,Expert
16,Codeforces Round 582 (Div. 3),Aug/30/2019 17:35,165,6,+131,1623,Expert
15,Educational Codeforces Round 71 (Rated for Div. 2),Aug/22/2019 17:35,5088,1,-91,1492,Specialist
14,Codeforces Round 576 (Div. 2),Jul/30/2019 17:35,1508,3,+5,1583,Specialist
13,Codeforces Round 575 (Div. 3),Jul/24/2019 17:35,478,5,+61,1578,Specialist
12,Educational Codeforces Round 69 (Rated for Div. 2),Jul/22/2019 17:35,2579,3,-25,1517,Specialist
11,Codeforces Global Round 4,Jul/20/2019 18:35,1902,4,+20,1542,Specialist
10,Codeforces Round 574 (Div. 2),Jul/17/2019 17:35,1586,4,+37,1522,Specialist
9,Educational Codeforces Round 68 (Rated for Div. 2),Jul/14/2019 17:45,1844,3,+22,1485,Specialist
8,Codeforces Round 573 (Div. 2),Jul/12/2019 17:35,2282,2,-2,1463,Specialist
7,Codeforces Round 572 (Div. 2),Jul/05/2019 18:05,1568,4,+22,1465,Specialist
6,Educational Codeforces Round 67 (Rated for Div. 2),Jun/30/2019 17:45,2680,2,-31,1443,Specialist
5,Codeforces Round 570 (Div. 3),Jun/26/2019 17:35,727,4,+65,1474,Specialist
4,Codeforces Round 568 (Div. 2),Jun/19/2019 17:45,2278,3,+18,1409,Specialist
3,Codeforces Round 567 (Div. 2),Jun/16/2019 12:35,1763,1,+37,1391,Pupil
2,Codeforces Round 566 (Div. 2),Jun/11/2019 16:05,4374,1,-82,1354,Pupil
1,Codeforces Round 565 (Div. 3),Jun/09/2019 17:35,2703,2,-64,1436,Specialist
