#,Contest,Start time,Rank,Solved,Rating change,New rating,Title
64,Good Bye 2022: 2023 is NEAR,Dec/30/2022 17:35,159,5,+95,2406,Grandmaster
63,"Polynomial Round 2022 (Div. 1 + Div. 2, Rated, Prizes!)",Dec/17/2022 17:35,133,5,+107,2311,International Master
62,Codeforces Global Round 24,Nov/26/2022 17:05,406,4,+7,2204,Master
61,Pinely Round 1 (Div. 1 + Div. 2),Nov/20/2022 17:35,711,3,-51,2197,Master
60,"CodeTON Round 3 (Div. 1 + Div. 2, Rated, Prizes!)",Nov/06/2022 17:35,446,4,-4,2248,Master
59,Codeforces Round 829 (Div. 1),Oct/23/2022 10:50,184,5,+93,2252,Master
58,Codeforces Global Round 23,Oct/15/2022 17:35,428,4,+59,2159,Master
57,Dytechlab Cup 2022,Oct/07/2022 17:35,1988,2,-151,2100,Master
56,Codeforces Global Round 22,Sep/30/2022 17:35,276,5,+60,2251,Master
55,Codeforces Round 818 (Div. 2),Sep/02/2022 17:35,24,5,+119,2191,Master
54,Codeforces Round 816 (Div. 2),Aug/20/2022 17:35,128,4,+62,2072,Candidate Master
53,Educational Codeforces Round 133 (Rated for Div. 2),Aug/04/2022 17:35,299,4,+35,2010,Candidate Master
52,"CodeTON Round 2 (Div. 1 + Div. 2, Rated, Prizes!)",Jul/31/2022 17:05,2255,3,-95,1975,Candidate Master
51,Codeforces Round 808 (Div. 1),Jul/16/2022 17:35,686,1,-63,2070,Candidate Master
50,Codeforces Global Round 21,Jun/25/2022 17:35,682,5,+4,2133,Master
49,Codeforces Round 800 (Div. 1),Jun/16/2022 17:35,432,2,-7,2129,Master
48,Codeforces Round 796 (Div. 1),Jun/03/2022 17:35,610,2,-86,2136,Master
47,Codeforces Round 794 (Div. 1),May/25/2022 20:35,211,2,+18,2222,Master
46,Codeforces Round 792 (Div. 1 + Div. 2),May/19/2022 17:35,225,5,+89,2204,Master
45,Codeforces Round 789 (Div. 1),May/08/2022 17:35,443,3,-2,2115,Master
44,Codeforces Global Round 20,Apr/23/2022 17:05,224,6,+148,2117,Master
43,Educational Codeforces Round 127 (Rated for Div. 2),Apr/22/2022 17:35,390,4,+4,1969,Candidate Master
42,Codeforces Round 783 (Div. 1),Apr/19/2022 17:35,607,1,-15,1965,Candidate Master
41,Codeforces Round 782 (Div. 2),Apr/17/2022 17:35,862,3,-58,1980,Candidate Master
40,Educational Codeforces Round 126 (Rated for Div. 2),Apr/09/2022 17:35,165,4,+44,2038,Candidate Master
39,Codeforces Round 781 (Div. 2),Apr/08/2022 17:35,179,4,+48,1994,Candidate Master
38,Codeforces Round 779 (Div. 2),Mar/27/2022 17:35,155,4,+86,1946,Candidate Master
37,"CodeTON Round 1 (Div. 1 + Div. 2, Rated, Prizes!)",Mar/24/2022 17:35,1317,4,+15,1860,Expert
36,Educational Codeforces Round 125 (Rated for Div. 2),Mar/22/2022 17:45,913,3,-17,1845,Expert
35,"Codeforces Round 778 (Div. 1 + Div. 2, based on Technocup 2022 Final Round)",Mar/20/2022 14:35,1378,3,-21,1862,Expert
34,Codeforces Round 777 (Div. 2),Mar/11/2022 17:35,449,4,+31,1883,Expert
33,Educational Codeforces Round 124 (Rated for Div. 2),Mar/10/2022 17:35,367,4,+50,1852,Expert
32,"Codeforces Round 775 (Div. 2, based on Moscow Open Olympiad in Informatics)",Mar/06/2022 12:55,685,4,-11,1802,Expert
31,Codeforces Round 774 (Div. 2),Mar/04/2022 18:35,1523,3,-64,1813,Expert
30,Codeforces Round 773 (Div. 1),Feb/23/2022 13:10,825,1,-61,1877,Expert
29,Educational Codeforces Round 123 (Rated for Div. 2),Feb/22/2022 17:35,528,5,-3,1938,Candidate Master
28,Codeforces Round 772 (Div. 2),Feb/20/2022 17:35,234,4,+56,1941,Candidate Master
27,Codeforces Round 771 (Div. 2),Feb/14/2022 17:35,155,4,+129,1885,Expert
26,Codeforces Global Round 19,Feb/12/2022 17:35,1546,4,+27,1756,Expert
25,Codeforces Round 770 (Div. 2),Feb/06/2022 17:35,578,4,+90,1729,Expert
24,Educational Codeforces Round 122 (Rated for Div. 2),Jan/31/2022 17:35,6791,2,-134,1639,Expert
23,Codeforces Round 769 (Div. 2),Jan/30/2022 17:35,3285,2,-85,1773,Expert
22,Codeforces Round 768 (Div. 2),Jan/27/2022 17:35,144,4,+108,1858,Expert
21,Codeforces Round 767 (Div. 2),Jan/22/2022 17:35,596,4,+51,1750,Expert
20,Codeforces Round 766 (Div. 2),Jan/15/2022 17:35,971,4,+35,1699,Expert
19,Codeforces Round 765 (Div. 2),Jan/12/2022 15:05,1741,2,-20,1664,Expert
18,Codeforces Round 764 (Div. 3),Jan/10/2022 17:35,212,5,+96,1684,Expert
17,Hello 2022,Jan/03/2022 17:35,8936,1,-154,1588,Specialist
16,Good Bye 2021: 2022 is NEAR,Dec/29/2021 18:35,1786,3,+22,1742,Expert
15,Codeforces Round 763 (Div. 2),Dec/28/2021 16:35,2693,2,-87,1720,Expert
14,Educational Codeforces Round 120 (Rated for Div. 2),Dec/27/2021 17:35,500,4,+57,1807,Expert
13,Codeforces Global Round 18,Dec/24/2021 17:35,1381,3,+33,1750,Expert
12,Educational Codeforces Round 119 (Rated for Div. 2),Dec/18/2021 18:35,502,4,+72,1717,Expert
11,"Codeforces Round 759 (Div. 2, based on Technocup 2022 Elimination Round 3)",Dec/12/2021 18:15,669,4,+58,1645,Expert
10,Codeforces Round 758 (Div.1 + Div. 2),Dec/11/2021 13:05,1759,2,+20,1587,Specialist
9,Educational Codeforces Round 118 (Rated for Div. 2),Dec/01/2021 17:35,1314,3,+47,1567,Specialist
8,Codeforces Round 757 (Div. 2),Nov/26/2021 14:15,5211,2,-111,1520,Specialist
7,Codeforces Round 756 (Div. 3),Nov/25/2021 17:35,252,6,+87,1631,Expert
6,Codeforces Global Round 17,Nov/23/2021 17:35,3187,2,+14,1544,Specialist
5,"Codeforces Round 755 (Div. 2, based on Technocup 2022 Elimination Round 2)",Nov/14/2021 09:05,383,3,+192,1530,Specialist
4,Codeforces Round 754 (Div. 2),Nov/12/2021 17:35,3091,3,+120,1338,Pupil
3,Codeforces Round 753 (Div. 3),Nov/02/2021 17:35,399,5,+349,1218,Pupil
2,Codeforces Round 752 (Div. 2),Oct/30/2021 17:35,4048,2,+302,869,Newbie
1,Educational Codeforces Round 116 (Rated for Div. 2),Oct/29/2021 17:35,1768,3,+567,567,Newbie
