#,Contest,Start time,Rank,Solved,Rating change,New rating,Title
90,Codeforces Round 854 by cybercats (Div. 1 + Div. 2),Feb/27/2023 17:35,218,6,+32,2352,International Master
89,"TypeDB Forces 2023 (Div. 1 + Div. 2, Rated, Prizes!)",Jan/29/2023 17:35,677,4,-64,2320,International Master
88,"Codeforces Round 844 (Div. 1 + Div. 2, based on VK Cup 2022 - Elimination Round)",Jan/15/2023 15:05,415,5,-39,2384,International Master
87,Hello 2023,Jan/03/2023 17:35,119,6,+105,2423,Grandmaster
86,Good Bye 2022: 2023 is NEAR,Dec/30/2022 17:35,192,5,+107,2318,International Master
85,"Polynomial Round 2022 (Div. 1 + Div. 2, Rated, Prizes!)",Dec/17/2022 17:35,502,6,-6,2211,Master
84,Codeforces Global Round 24,Nov/26/2022 17:05,592,4,-44,2217,Master
83,Pinely Round 1 (Div. 1 + Div. 2),Nov/20/2022 17:35,780,3,-81,2261,Master
82,"CodeTON Round 3 (Div. 1 + Div. 2, Rated, Prizes!)",Nov/06/2022 17:35,354,4,-11,2342,International Master
81,Codeforces Round 829 (Div. 1),Oct/23/2022 10:50,151,5,+74,2353,International Master
80,Codeforces Global Round 23,Oct/15/2022 17:35,259,5,+75,2279,Master
79,Dytechlab Cup 2022,Oct/07/2022 17:35,134,5,+153,2204,Master
78,Codeforces Global Round 22,Sep/30/2022 17:35,2979,2,-169,2051,Candidate Master
77,Codeforces Round 814 (Div. 1),Aug/16/2022 17:35,596,2,-76,2220,Master
76,"CodeTON Round 2 (Div. 1 + Div. 2, Rated, Prizes!)",Jul/31/2022 17:05,377,5,+18,2296,Master
75,Codeforces Round 808 (Div. 1),Jul/16/2022 17:35,281,2,+14,2278,Master
74,Codeforces Global Round 21,Jun/25/2022 17:35,580,5,-19,2264,Master
73,Codeforces Round 800 (Div. 1),Jun/16/2022 17:35,274,3,+13,2283,Master
72,Codeforces Round 796 (Div. 1),Jun/03/2022 17:35,197,3,+52,2270,Master
71,Codeforces Round 792 (Div. 1 + Div. 2),May/19/2022 17:35,211,5,+91,2218,Master
70,Codeforces Round 789 (Div. 1),May/08/2022 17:35,516,3,-33,2127,Master
69,Codeforces Global Round 20,Apr/23/2022 17:05,510,5,+24,2160,Master
68,Codeforces Round 779 (Div. 2),Mar/27/2022 17:35,49,5,+92,2136,Master
67,"CodeTON Round 1 (Div. 1 + Div. 2, Rated, Prizes!)",Mar/24/2022 17:35,736,4,+28,2044,Candidate Master
66,Educational Codeforces Round 125 (Rated for Div. 2),Mar/22/2022 17:45,665,3,-44,2016,Candidate Master
65,"Codeforces Round 778 (Div. 1 + Div. 2, based on Technocup 2022 Final Round)",Mar/20/2022 14:35,1063,3,-49,2060,Candidate Master
64,"Codeforces Round 775 (Div. 1, based on Moscow Open Olympiad in Informatics)",Mar/06/2022 12:55,723,2,-90,2109,Master
63,Codeforces Round 773 (Div. 1),Feb/23/2022 13:10,229,3,+84,2199,Master
62,Codeforces Global Round 19,Feb/12/2022 17:35,1089,4,-46,2115,Master
61,Codeforces Round 768 (Div. 1),Jan/27/2022 17:35,426,3,-3,2161,Master
60,Good Bye 2021: 2022 is NEAR,Dec/29/2021 18:35,485,5,+48,2164,Master
59,Codeforces Global Round 18,Dec/24/2021 17:35,468,4,+46,2116,Master
58,Educational Codeforces Round 119 (Rated for Div. 2),Dec/18/2021 18:35,60,5,+100,2070,Candidate Master
57,Codeforces Round 761 (Div. 2),Dec/16/2021 16:35,805,4,-55,1970,Candidate Master
56,"Codeforces Round 759 (Div. 2, based on Technocup 2022 Elimination Round 3)",Dec/12/2021 18:15,256,4,+2,2025,Candidate Master
55,Codeforces Round 758 (Div.1 + Div. 2),Dec/11/2021 13:05,299,3,+95,2023,Candidate Master
54,Educational Codeforces Round 118 (Rated for Div. 2),Dec/01/2021 17:35,1126,3,-58,1928,Candidate Master
53,"Deltix Round, Autumn 2021 (open for everyone, rated, Div. 1 + Div. 2)",Nov/28/2021 17:35,950,4,-12,1986,Candidate Master
52,Codeforces Round 757 (Div. 2),Nov/26/2021 14:15,307,4,+15,1998,Candidate Master
51,Codeforces Global Round 17,Nov/23/2021 17:35,422,4,+95,1983,Candidate Master
50,Educational Codeforces Round 117 (Rated for Div. 2),Nov/22/2021 12:35,695,4,-42,1888,Expert
49,"Codeforces Round 755 (Div. 2, based on Technocup 2022 Elimination Round 2)",Nov/14/2021 09:05,145,4,+34,1930,Candidate Master
48,Codeforces Round 754 (Div. 2),Nov/12/2021 17:35,150,4,+117,1896,Expert
47,Educational Codeforces Round 116 (Rated for Div. 2),Oct/29/2021 17:35,3981,2,-127,1779,Expert
46,Codeforces Round 750 (Div. 2),Oct/24/2021 13:05,1529,4,-93,1906,Candidate Master
45,Codeforces Round 747 (Div. 2),Oct/08/2021 18:05,287,5,+15,1999,Candidate Master
44,Codeforces Round 746 (Div. 2),Oct/03/2021 17:35,260,3,+45,1984,Candidate Master
43,Educational Codeforces Round 114 (Rated for Div. 2),Sep/20/2021 17:35,1100,3,-51,1939,Candidate Master
42,Codeforces Global Round 16,Sep/12/2021 17:35,1069,5,-4,1990,Candidate Master
41,Educational Codeforces Round 113 (Rated for Div. 2),Sep/08/2021 17:35,118,4,+98,1994,Candidate Master
40,Codeforces Round 742 (Div. 2),Sep/05/2021 17:35,2432,2,-107,1896,Expert
39,"Deltix Round, Summer 2021 (open for everyone, rated, Div. 1 + Div. 2)",Aug/29/2021 17:35,1710,3,-69,2003,Candidate Master
38,"Codeforces Round 740 (Div. 1, based on VK Cup 2021 - Final (Engine))",Aug/24/2021 17:35,727,2,-62,2072,Candidate Master
37,Codeforces Global Round 15,Jul/25/2021 17:35,496,5,+44,2134,Master
36,"Harbour.Space Scholarship Contest 2021-2022 (open for everyone, rated, Div. 1 + Div. 2)",Jul/22/2021 17:35,997,4,-36,2090,Candidate Master
35,"Codeforces Round 733 (Div. 1 + Div. 2, based on VK Cup 2021 - Elimination (Engine))",Jul/17/2021 17:35,617,5,+6,2126,Master
34,Educational Codeforces Round 111 (Rated for Div. 2),Jul/14/2021 17:35,63,4,+109,2120,Master
33,Codeforces Round 732 (Div. 1),Jul/11/2021 17:05,731,1,-42,2011,Candidate Master
32,Codeforces Round 729 (Div. 2),Jul/03/2021 16:05,598,3,-30,2053,Candidate Master
31,Codeforces Round 728 (Div. 1),Jun/25/2021 18:35,663,1,-84,2083,Candidate Master
30,Codeforces Round 727 (Div. 2),Jun/20/2021 13:05,47,4,+90,2167,Master
29,Codeforces Round 726 (Div. 2),Jun/18/2021 17:35,41,7,+157,2077,Candidate Master
28,Codeforces Round 724 (Div. 2),Jun/06/2021 17:35,257,4,+74,1920,Candidate Master
27,Educational Codeforces Round 110 (Rated for Div. 2),Jun/04/2021 17:35,150,5,+153,1846,Expert
26,"Deltix Round, Spring 2021 (open for everyone, rated, Div. 1 + Div. 2)",May/30/2021 17:35,805,3,+144,1693,Expert
25,Codeforces Round 722 (Div. 2),May/24/2021 17:35,7887,1,-121,1549,Specialist
24,Codeforces Round 721 (Div. 2),May/20/2021 17:35,6234,2,-120,1670,Expert
23,Codeforces Round 720 (Div. 2),May/07/2021 17:35,852,2,+39,1790,Expert
22,Codeforces Global Round 14,May/02/2021 17:35,3664,3,-83,1751,Expert
21,Educational Codeforces Round 108 (Rated for Div. 2),Apr/29/2021 17:35,1194,4,-21,1834,Expert
20,Contest 2050 and Codeforces Round 718 (Div. 1 + Div. 2),Apr/23/2021 17:35,486,4,+158,1855,Expert
19,Codeforces Round 715 (Div. 2),Apr/16/2021 17:35,1514,2,-22,1697,Expert
18,Codeforces Round 712 (Div. 2),Apr/03/2021 17:35,583,4,+54,1719,Expert
17,"Codeforces Round 709 (Div. 2, based on Technocup 2021 Final Round)",Mar/21/2021 16:20,1329,2,-24,1665,Expert
16,"Codeforces Round 707 (Div. 2, based on Moscow Open Olympiad in Informatics)",Mar/13/2021 12:05,4440,1,-143,1689,Expert
15,Codeforces Round 706 (Div. 2),Mar/10/2021 15:05,369,4,+48,1832,Expert
14,Codeforces Round 705 (Div. 2),Mar/06/2021 17:05,1152,2,-10,1784,Expert
13,Codeforces Global Round 13,Feb/28/2021 16:35,1852,3,+7,1794,Expert
12,Codeforces Round 703 (Div. 2),Feb/18/2021 17:35,908,4,+39,1787,Expert
11,Educational Codeforces Round 104 (Rated for Div. 2),Feb/15/2021 17:35,1411,4,-4,1748,Expert
10,Codeforces Round 701 (Div. 2),Feb/12/2021 17:50,1320,3,+4,1752,Expert
9,Codeforces Round 700 (Div. 2),Feb/07/2021 17:35,748,3,+43,1748,Expert
8,Codeforces Round 699 (Div. 2),Feb/05/2021 17:35,855,3,+68,1705,Expert
7,Educational Codeforces Round 103 (Rated for Div. 2),Jan/29/2021 17:35,2528,3,-8,1637,Expert
6,Codeforces Round 698 (Div. 2),Jan/28/2021 17:35,1284,3,+80,1645,Expert
5,Codeforces Round 696 (Div. 2),Jan/19/2021 17:35,3679,2,+45,1565,Specialist
4,Educational Codeforces Round 102 (Rated for Div. 2),Jan/14/2021 17:35,1166,4,+191,1520,Specialist
3,Codeforces Round 695 (Div. 2),Jan/08/2021 17:35,857,3,+359,1329,Pupil
2,Codeforces Round 694 (Div. 2),Jan/05/2021 17:35,1521,3,+417,970,Newbie
1,Codeforces Round 693 (Div. 3),Jan/04/2021 17:35,1523,4,+553,553,Newbie
