#,Contest,Start time,Rank,Solved,Rating change,New rating,Title
184,"Codeforces Round 844 (Div. 1 + Div. 2, based on VK Cup 2022 - Elimination Round)",Jan/15/2023 15:05,134,5,-9,2637,International Grandmaster
183,Hello 2023,Jan/03/2023 17:35,229,6,-40,2646,International Grandmaster
182,Good Bye 2022: 2023 is NEAR,Dec/30/2022 17:35,191,5,-20,2686,International Grandmaster
181,VK Cup 2021 - Elimination (Engine),Jul/17/2021 17:35,36,6,-15,2706,International Grandmaster
180,Codeforces Round 700 (Div. 1),Feb/07/2021 17:35,82,4,+15,2721,International Grandmaster
179,Codeforces Global Round 11,Oct/10/2020 17:50,140,5,-19,2706,International Grandmaster
178,Grakn Forces 2020,Sep/30/2020 17:35,64,6,+31,2725,International Grandmaster
177,Codeforces Round 673 (Div. 1),Sep/27/2020 18:05,493,2,-168,2694,International Grandmaster
176,Codeforces Round 668 (Div. 1),Sep/06/2020 17:35,33,4,+26,2862,International Grandmaster
175,Codeforces Round 664 (Div. 1),Aug/12/2020 17:35,14,4,+115,2836,International Grandmaster
174,Codeforces Global Round 8,Jun/18/2020 17:45,344,4,-104,2721,International Grandmaster
173,"Codeforces Round 647 (Div. 1) - Thanks, Algo Muse!",Jun/04/2020 17:35,42,4,+14,2825,International Grandmaster
172,Codeforces Round 635 (Div. 1),Apr/15/2020 17:35,67,4,-6,2811,International Grandmaster
171,Codeforces Round 633 (Div. 1),Apr/12/2020 17:05,26,4,+65,2817,International Grandmaster
170,"Codeforces Round 631 (Div. 1) - Thanks, Denis aramis Shitov!",Apr/03/2020 17:35,124,3,-37,2752,International Grandmaster
169,Codeforces Global Round 7,Mar/19/2020 17:35,255,6,-106,2789,International Grandmaster
168,"Ozon Tech Challenge 2020 (Div.1 + Div.2, Rated, T-shirts + prizes!)",Mar/03/2020 17:35,11,6,+122,2895,International Grandmaster
167,"Codeforces Round 625 (Div. 1, based on Technocup 2020 Final Round)",Mar/01/2020 16:15,110,4,-60,2773,International Grandmaster
166,Codeforces Round 621 (Div. 1 + Div. 2),Feb/17/2020 18:35,27,5,+48,2833,International Grandmaster
165,Codeforces Round 618 (Div. 1),Feb/09/2020 17:05,46,3,+10,2785,International Grandmaster
164,Codeforces Round 616 (Div. 1),Feb/02/2020 17:05,107,3,-73,2775,International Grandmaster
163,Codeforces Round 614 (Div. 1),Jan/19/2020 16:35,29,4,+15,2848,International Grandmaster
162,Codeforces Round 612 (Div. 1),Jan/05/2020 17:05,91,3,-66,2833,International Grandmaster
161,Hello 2020,Jan/04/2020 15:05,13,6,+102,2899,International Grandmaster
160,Codeforces Global Round 6,Dec/17/2019 18:05,188,5,-113,2797,International Grandmaster
159,Codeforces Round 607 (Div. 1),Dec/15/2019 08:05,7,5,+63,2910,International Grandmaster
158,"Codeforces Round 606 (Div. 1, based on Technocup 2020 Elimination Round 4)",Dec/14/2019 14:05,37,3,-21,2847,International Grandmaster
157,"Codeforces Round 602 (Div. 1, based on Technocup 2020 Elimination Round 3)",Nov/24/2019 11:05,22,7,+7,2868,International Grandmaster
156,Codeforces Round 601 (Div. 1),Nov/19/2019 17:35,61,4,-67,2861,International Grandmaster
155,"Codeforces Round 596 (Div. 1, based on Technocup 2020 Elimination Round 2)",Oct/26/2019 14:05,25,4,-25,2928,International Grandmaster
154,Codeforces Global Round 5,Oct/16/2019 17:35,7,8,+132,2953,International Grandmaster
153,Dasha Code Championship - SPb Finals Round (only for onsite-finalists),Sep/22/2019 12:05,13,4,-89,2821,International Grandmaster
152,Codeforces Round 586 (Div. 1 + Div. 2),Sep/18/2019 19:05,9,6,+66,2910,International Grandmaster
151,"Codeforces Round 584 - Dasha Code Championship - Elimination Round (rated, open for everyone, Div. 1 + Div. 2)",Sep/14/2019 16:05,18,8,+61,2844,International Grandmaster
150,Codeforces Round 576 (Div. 1),Jul/30/2019 17:35,13,5,+89,2783,International Grandmaster
149,Codeforces Global Round 4,Jul/20/2019 18:35,39,7,+38,2694,International Grandmaster
148,Codeforces Round 573 (Div. 1),Jul/12/2019 17:35,40,4,+26,2656,International Grandmaster
147,Codeforces Round 569 (Div. 1),Jun/21/2019 20:05,358,2,-191,2630,International Grandmaster
146,Codeforces Global Round 3,Jun/01/2019 17:35,42,5,-1,2821,International Grandmaster
145,Codeforces Round 562 (Div. 1),May/26/2019 18:35,25,3,+3,2822,International Grandmaster
144,Codeforces Round 557 (Div. 1) [based on Forethought Future Cup - Final Round],May/04/2019 20:05,41,4,-55,2819,International Grandmaster
143,Codeforces Round 556 (Div. 1),Apr/29/2019 17:35,9,4,+99,2874,International Grandmaster
142,Forethought Future Cup - Elimination Round,Apr/20/2019 21:05,15,8,+81,2775,International Grandmaster
141,Codeforces Global Round 2,Apr/06/2019 14:35,115,5,-53,2694,International Grandmaster
140,Codeforces Round 545 (Div. 1),Mar/08/2019 12:05,12,4,+76,2747,International Grandmaster
139,Codeforces Round 539 (Div. 1),Feb/16/2019 19:35,19,4,+56,2671,International Grandmaster
138,Codeforces Global Round 1,Feb/07/2019 16:35,37,6,+97,2615,International Grandmaster
137,Hello 2019,Jan/04/2019 17:45,7410,1,-373,2518,Grandmaster
136,Codeforces Round 519 by Botan Investments,Oct/28/2018 18:35,26,6,+7,2891,International Grandmaster
135,"Codeforces Round 517 (Div. 1, based on Technocup 2019 Elimination Round 2)",Oct/21/2018 11:10,22,3,-22,2884,International Grandmaster
134,Lyft Level 5 Challenge 2018 - Elimination Round,Oct/07/2018 20:05,12,6,+53,2906,International Grandmaster
133,"Codeforces Round 513 by Barcelona Bootcamp (rated, Div. 1 + Div. 2)",Oct/04/2018 10:05,49,5,-72,2853,International Grandmaster
132,Codeforces Round 485 (Div. 1),May/29/2018 18:35,7,4,+89,2925,International Grandmaster
131,Avito Code Challenge 2018,May/27/2018 17:50,46,6,-52,2836,International Grandmaster
130,"Codeforces Round 483 (Div. 1) [Thanks, Botan Investments and Victor Shaburov!]",May/15/2018 17:45,6,4,+112,2888,International Grandmaster
129,"Divide by Zero 2018 and Codeforces Round 474 (Div. 1 + Div. 2, combined)",Apr/07/2018 19:05,9,7,+87,2776,International Grandmaster
128,"Codeforces Round 472 (rated, Div. 1, based on VK Cup 2018 Round 2)",Mar/24/2018 18:35,81,3,-101,2689,International Grandmaster
127,"Codeforces Round 470 (rated, Div. 1, based on VK Cup 2018 Round 1)",Mar/10/2018 18:35,31,4,-11,2790,International Grandmaster
126,Hello 2018,Jan/08/2018 17:45,12,6,+90,2801,International Grandmaster
125,Codeforces Round 453 (Div. 1),Dec/19/2017 18:35,99,2,-125,2711,International Grandmaster
124,Codeforces Round 438 by Sberbank and Barcelona Bootcamp (Div. 1 + Div. 2 combined),Oct/05/2017 10:05,17,5,+2,2836,International Grandmaster
123,"Manthan, Codefest 17",Sep/24/2017 17:35,7,5,+99,2834,International Grandmaster
122,MemSQL Start[c]UP 3.0 - Round 1,Sep/16/2017 20:35,17,6,+73,2735,International Grandmaster
121,AIM Tech Round 4 (Div. 1),Aug/24/2017 19:35,33,3,+36,2662,International Grandmaster
120,"Playrix Codescapes Cup (Codeforces Round 413, rated, Div. 1 + Div. 2)",May/11/2017 18:35,31,5,+68,2626,International Grandmaster
119,"Codeforces Round 412 (rated, Div. 1, based on VK Cup 2017 Round 3)",May/07/2017 18:45,172,2,-121,2558,Grandmaster
118,Codeforces Round 411 (Div. 1),May/04/2017 17:50,91,3,-74,2679,International Grandmaster
117,Codeforces Round 407 (Div. 1),Mar/29/2017 19:05,29,3,+1,2753,International Grandmaster
116,"Codeforces Round 405 (rated, Div. 1, based on VK Cup 2017 Round 1)",Mar/18/2017 18:35,17,3,+34,2752,International Grandmaster
115,"Codeforces Round 403 (Div. 1, based on Technocup 2017 Finals)",Mar/05/2017 16:05,32,4,+6,2718,International Grandmaster
114,"ICM Technex 2017 and Codeforces Round 400 (Div. 1 + Div. 2, combined)",Feb/23/2017 17:45,62,5,-31,2712,International Grandmaster
113,"Divide by Zero 2017 and Codeforces Round 399 (Div. 1 + Div. 2, combined)",Feb/20/2017 19:05,19,6,+63,2743,International Grandmaster
112,Codeforces Round 397 by Kaspersky Lab and Barcelona Bootcamp (Div. 1 + Div. 2 combined),Feb/14/2017 11:05,253,4,-156,2680,International Grandmaster
111,Codeforces Round 395 (Div. 1),Feb/02/2017 16:35,32,3,-24,2836,International Grandmaster
110,8VC Venture Cup 2017 - Elimination Round,Jan/15/2017 20:05,11,6,+98,2860,International Grandmaster
109,Codeforces Round 381 (Div. 1),Nov/23/2016 19:35,3,4,+188,2762,International Grandmaster
108,"Codeforces Round 380 (Div. 1, Rated, Based on Technocup 2017 - Elimination Round 2)",Nov/20/2016 12:05,49,3,-11,2574,Grandmaster
107,"Intel Code Challenge Final Round (Div. 1 + Div. 2, Combined)",Oct/08/2016 15:15,29,5,+64,2585,Grandmaster
106,"Intel Code Challenge Elimination Round (Div. 1 + Div. 2, combined)",Oct/01/2016 17:05,155,4,-49,2521,Grandmaster
105,Codeforces Round 371 (Div. 1),Sep/13/2016 19:35,165,2,-100,2570,Grandmaster
104,VK Cup 2016 - Finals,Jul/03/2016 11:20,11,3,-29,2670,International Grandmaster
103,Codeforces Round 356 (Div. 1),Jun/08/2016 19:35,24,3,+37,2699,International Grandmaster
102,VK Cup 2016 - Round 3,May/07/2016 18:05,10,4,+33,2662,International Grandmaster
101,VK Cup 2016 - Round 2,Apr/24/2016 19:35,17,5,+12,2629,International Grandmaster
100,VK Cup 2016 - Round 1,Mar/28/2016 19:35,59,3,-84,2617,International Grandmaster
99,Codeforces Round 345 (Div. 1),Mar/07/2016 12:25,11,4,+96,2701,International Grandmaster
98,8VC Venture Cup 2016 - Final Round,Feb/28/2016 21:10,115,2,-122,2605,International Grandmaster
97,8VC Venture Cup 2016 - Elimination Round,Feb/13/2016 20:35,20,6,+62,2727,International Grandmaster
96,AIM Tech Round (Div. 1),Feb/04/2016 20:05,55,2,-19,2665,International Grandmaster
95,Wunder Fund Round 2016 (Div. 1 + Div. 2 combined),Jan/29/2016 20:10,29,5,+28,2684,International Grandmaster
94,Codeforces Round 335 (Div. 1),Dec/09/2015 19:05,5,5,+133,2656,International Grandmaster
93,Codeforces Round 323 (Div. 1),Oct/03/2015 19:45,28,3,+31,2523,Grandmaster
92,Codeforces Round 320 (Div. 1) [Bayan Thanks-Round],Sep/16/2015 18:15,751,1,-120,2492,Grandmaster
91,Codeforces Round 319 (Div. 1),Sep/10/2015 19:30,23,3,+30,2612,International Grandmaster
90,Codeforces Round 318 [RussianCodeCup Thanks-Round] (Div. 1),Aug/29/2015 19:30,208,2,-121,2582,Grandmaster
89,VK Cup 2015 - Finals,Jul/26/2015 11:15,3,6,+38,2703,International Grandmaster
88,Looksery Cup 2015,Jun/06/2015 16:00,14,7,+54,2665,International Grandmaster
87,VK Cup 2015 - Раунд 3,May/03/2015 19:00,15,4,+13,2611,International Grandmaster
86,Codeforces Round 300,Apr/26/2015 19:00,24,6,+39,2598,Grandmaster
85,VK Cup 2015 - Round 2,Apr/17/2015 19:00,18,4,+25,2559,Grandmaster
84,Codeforces Round 299 (Div. 1),Apr/14/2015 19:35,53,2,-29,2534,Grandmaster
83,ZeptoLab Code Rush 2015,Apr/04/2015 19:35,25,5,+64,2563,Grandmaster
82,VK Cup 2015 - Round 1,Mar/21/2015 17:00,8,6,+70,2499,Grandmaster
81,Codeforces Round 296 (Div. 1),Mar/17/2015 19:45,41,3,+80,2429,Grandmaster
80,Codeforces Round 292 (Div. 1),Feb/17/2015 19:35,132,2,-50,2349,International Master
79,Rockethon 2015,Feb/07/2015 20:00,179,6,-54,2399,International Master
78,Codeforces Round 290 (Div. 1),Feb/02/2015 19:30,105,3,-61,2453,Grandmaster
77,Codeforces Round 283 (Div. 1),Dec/17/2014 19:30,17,3,+61,2514,Grandmaster
76,Codeforces Round 282 (Div. 1),Dec/13/2014 19:30,61,2,-3,2453,Grandmaster
75,Bayan 2015 Contest Warm Up,Oct/05/2014 17:00,28,4,+59,2456,Grandmaster
74,Codeforces Round 270,Sep/28/2014 19:35,89,4,-26,2397,International Master
73,Codeforces Round 265 (Div. 1),Sep/07/2014 19:30,64,3,-4,2423,Grandmaster
72,MemSQL Start[c]UP 2.0 - Round 2 - Online Round,Aug/10/2014 21:00,63,3,-15,2427,Grandmaster
71,Codeforces Round 259 (Div. 1),Aug/01/2014 19:30,21,3,+61,2442,Grandmaster
70,MemSQL Start[c]UP 2.0 - Round 1,Jul/27/2014 21:00,255,3,-113,2381,International Master
69,Codeforces Round #FF (Div. 1),Jul/13/2014 17:00,32,3,+1,2494,Grandmaster
68,Codeforces Round 254 (Div. 1),Jul/06/2014 17:05,21,3,+14,2493,Grandmaster
67,Zepto Code Rush 2014,Jun/13/2014 19:30,15,4,+96,2479,Grandmaster
66,Codeforces Round 250 (Div. 1),Jun/01/2014 17:00,15,4,+94,2383,International Master
65,Codeforces Round 245 (Div. 1),May/11/2014 19:40,379,2,-104,2289,Master
64,Codeforces Round 240 (Div. 1),Apr/06/2014 19:40,44,4,+36,2393,International Master
63,Codeforces Round 228 (Div. 1),Feb/03/2014 19:40,34,3,+79,2357,International Master
62,Good Bye 2013,Dec/30/2013 19:30,16,5,+138,2278,Master
61,Codeforces Round 222 (Div. 1),Dec/29/2013 19:30,46,3,+132,2140,Master
60,Codeforces Round 206 (Div. 1),Oct/13/2013 19:30,189,2,+11,2008,Candidate Master
59,Codeforces Round 204 (Div. 1),Oct/04/2013 19:30,334,1,-82,1997,Candidate Master
58,Codeforces Round 202 (Div. 1),Sep/27/2013 19:30,317,1,-98,2079,Candidate Master
57,Codeforces Round 201 (Div. 1),Sep/20/2013 19:30,20,3,+132,2177,Master
56,Codeforces Round 196 (Div. 1),Aug/16/2013 20:00,146,2,-34,2045,Candidate Master
55,MemSQL start[c]up Round 2 - online version,Aug/03/2013 21:00,122,2,-12,2079,Candidate Master
54,Codeforces Round 194 (Div. 1),Jul/27/2013 12:30,67,3,+104,2091,Candidate Master
53,Codeforces Round 192 (Div. 1),Jul/20/2013 17:30,126,2,+81,1987,Candidate Master
52,ABBYY Cup 3.0 - Finals (online version),Jul/17/2013 19:30,37,6,+151,1906,Candidate Master
51,MemSQL start[c]up Round 1,Jul/13/2013 21:00,774,0,-96,1755,Expert
50,Codeforces Round 190 (Div. 1),Jun/28/2013 19:30,275,1,-36,1851,Expert
49,Codeforces Round 188 (Div. 1),Jun/14/2013 19:30,353,1,-55,1887,Expert
48,ABBYY Cup 3.0,Jun/12/2013 17:00,286,6,+11,1942,Candidate Master
47,"Croc Champ 2013 - Finals (online version, Div. 1)",May/17/2013 19:10,43,2,+67,1931,Candidate Master
46,Codeforces Round 183 (Div. 1),May/12/2013 17:00,198,2,+9,1864,Expert
45,Croc Champ 2013 - Round 2,Apr/22/2013 19:35,319,1,-32,1855,Expert
44,Codeforces Round 180 (Div. 1),Apr/19/2013 19:30,319,2,-53,1887,Expert
43,Codeforces Round 170 (Div. 1),Feb/28/2013 19:30,319,1,-63,1940,Candidate Master
42,Codeforces Round 168 (Div. 1),Feb/20/2013 19:30,252,2,-68,2003,Candidate Master
41,Codeforces Round 167 (Div. 1),Feb/13/2013 19:30,21,3,+151,2071,Candidate Master
40,Codeforces Round 165 (Div. 1),Feb/01/2013 19:30,273,1,-45,1920,Candidate Master
39,Codeforces Round 157 (Div. 1),Dec/22/2012 19:30,140,2,+53,1965,Candidate Master
38,Codeforces Round 153 (Div. 1),Dec/06/2012 19:30,212,2,-47,1912,Candidate Master
37,Codeforces Round 146 (Div. 1),Oct/21/2012 11:10,30,2,+133,1959,Candidate Master
36,"Codeforces Round 145 (Div. 1, ACM-ICPC Rules)",Oct/16/2012 11:00,56,4,+100,1826,Expert
35,Codeforces Round 139 (Div. 2),Sep/19/2012 19:45,8,4,+143,1726,Expert
34,Codeforces Round 138 (Div. 2),Sep/16/2012 19:30,610,1,-85,1583,Specialist
33,Codeforces Round 136 (Div. 1),Aug/31/2012 19:30,433,0,-63,1668,Expert
32,Codeforces Round 135 (Div. 2),Aug/27/2012 19:30,78,3,+35,1731,Expert
31,Codeforces Round 134 (Div. 1),Aug/18/2012 11:05,258,1,-39,1696,Expert
30,Codeforces Round 129 (Div. 1),Jul/11/2012 19:30,169,2,+30,1735,Expert
29,Codeforces Round 127 (Div. 1),Jun/29/2012 19:30,256,1,-43,1705,Expert
28,Codeforces Round 125 (Div. 1),Jun/22/2012 19:30,195,1,-19,1748,Expert
27,Codeforces Round 124 (Div. 1),Jun/12/2012 17:00,190,1,+32,1767,Expert
26,Codeforces Round 122 (Div. 1),Jun/03/2012 19:30,247,0,-55,1735,Expert
25,Codeforces Round 119 (Div. 1),May/10/2012 19:30,267,1,-59,1790,Expert
24,ABBYY Cup 2.0 - Hard,Apr/28/2012 16:00,127,12,+23,1849,Expert
23,Croc Champ 2012 - Round 2,Apr/20/2012 19:05,114,2,+57,1826,Expert
22,VK Cup 2012 Round 3,Apr/08/2012 19:05,314,0,-69,1769,Expert
21,Croc Champ 2012 - Round 1,Apr/06/2012 19:00,168,2,+118,1838,Expert
20,Codeforces Round 114 (Div. 1),Mar/27/2012 19:00,251,1,-9,1720,Expert
19,VK Cup 2012 Round 1,Mar/11/2012 19:05,935,1,-93,1729,Expert
18,Codeforces Round 110 (Div. 1),Feb/29/2012 21:30,216,2,+9,1822,Expert
17,Codeforces Round 109 (Div. 1),Feb/24/2012 19:00,279,1,-20,1813,Expert
16,Codeforces Round 107 (Div. 1),Feb/17/2012 19:00,430,1,-71,1833,Expert
15,Codeforces Round 100,Jan/04/2012 19:00,86,4,+284,1904,Candidate Master
14,Codeforces Beta Round 99 (Div. 2),Dec/24/2011 16:00,501,1,-78,1620,Expert
13,Codeforces Beta Round 98 (Div. 2),Dec/16/2011 10:00,24,4,+86,1698,Expert
12,Codeforces Beta Round 97 (Div. 2),Dec/09/2011 19:05,792,2,-78,1612,Expert
11,Codeforces Beta Round 96 (Div. 1),Dec/03/2011 19:00,358,1,-46,1690,Expert
10,Codeforces Beta Round 95 (Div. 2),Nov/25/2011 19:00,35,5,+92,1736,Expert
9,Codeforces Beta Round 94 (Div. 2 Only),Nov/15/2011 10:10,125,3,+30,1644,Expert
8,Codeforces Beta Round 93 (Div. 2 Only),Nov/09/2011 21:00,278,2,-37,1614,Expert
7,Codeforces Beta Round 92 (Div. 2 Only),Nov/03/2011 19:10,49,3,+113,1651,Expert
6,"School Regional Team Contest, Saratov, 2011",Oct/18/2011 10:30,176,6,+101,1538,Specialist
5,Codeforces Beta Round 88,Sep/23/2011 19:00,788,0,-41,1437,Specialist
4,Codeforces Beta Round 87 (Div. 2 Only),Sep/15/2011 19:00,422,3,-28,1478,Specialist
3,Codeforces Beta Round 86 (Div. 2 Only),Sep/08/2011 19:00,288,2,+44,1506,Specialist
2,Codeforces Beta Round 85 (Div. 2 Only),Sep/03/2011 16:00,723,2,-69,1462,Specialist
1,Codeforces Beta Round 84 (Div. 2 Only),Aug/29/2011 20:00,293,3,+31,1531,Specialist
