#,Contest,Start time,Rank,Solved,Rating change,New rating,Title
152,Codeforces Round 853 (Div. 2),Feb/25/2023 17:20,28,4,+120,2146,Master
151,Codeforces Round 851 (Div. 2),Feb/09/2023 17:35,499,4,-23,2026,Candidate Master
150,Codeforces Round 848 (Div. 2),Feb/01/2023 17:35,389,3,-19,2049,Candidate Master
149,Educational Codeforces Round 142 (Rated for Div. 2),Jan/24/2023 17:35,30,5,+158,2068,Candidate Master
148,Codeforces Round 845 (Div. 2) and ByteRace 2023,Jan/21/2023 17:35,604,3,-20,1910,Candidate Master
147,"Codeforces Round 844 (Div. 1 + Div. 2, based on VK Cup 2022 - Elimination Round)",Jan/15/2023 15:05,1666,3,-69,1930,Candidate Master
146,Codeforces Round 843 (Div. 2),Jan/10/2023 14:15,283,6,+26,1999,Candidate Master
145,Educational Codeforces Round 141 (Rated for Div. 2),Jan/08/2023 17:35,896,3,-48,1973,Candidate Master
144,Codeforces Round 842 (Div. 2),Jan/05/2023 17:35,209,4,+49,2021,Candidate Master
143,Hello 2023,Jan/03/2023 17:35,2382,3,-89,1972,Candidate Master
142,Good Bye 2022: 2023 is NEAR,Dec/30/2022 17:35,5437,2,-200,2061,Candidate Master
141,Codeforces Round 833 (Div. 2),Nov/12/2022 17:35,5,5,+187,2261,Master
140,"CodeTON Round 3 (Div. 1 + Div. 2, Rated, Prizes!)",Nov/06/2022 17:35,1316,4,-78,2074,Candidate Master
139,Codeforces Round 808 (Div. 1),Jul/16/2022 17:35,439,2,-6,2152,Master
138,Codeforces Round 803 (Div. 2),Jun/28/2022 17:35,69,5,+65,2158,Master
137,Codeforces Global Round 21,Jun/25/2022 17:35,656,5,+24,2093,Candidate Master
136,Codeforces Round 794 (Div. 1),May/25/2022 20:35,254,2,+45,2069,Candidate Master
135,Codeforces Round 788 (Div. 2),May/06/2022 17:35,445,4,-30,2024,Candidate Master
134,Codeforces Round 773 (Div. 1),Feb/23/2022 13:10,638,2,-33,2054,Candidate Master
133,Educational Codeforces Round 123 (Rated for Div. 2),Feb/22/2022 17:35,55,5,+106,2087,Candidate Master
132,Codeforces Global Round 19,Feb/12/2022 17:35,1422,4,-37,1981,Candidate Master
131,Codeforces Round 770 (Div. 2),Feb/06/2022 17:35,672,4,-28,2018,Candidate Master
130,Codeforces Round 768 (Div. 1),Jan/27/2022 17:35,357,3,+77,2046,Candidate Master
129,Codeforces Round 767 (Div. 1),Jan/22/2022 17:35,701,2,-17,1969,Candidate Master
128,Codeforces Round 765 (Div. 2),Jan/12/2022 15:05,549,3,-22,1986,Candidate Master
127,Hello 2022,Jan/03/2022 17:35,575,4,+76,2008,Candidate Master
126,Good Bye 2021: 2022 is NEAR,Dec/29/2021 18:35,1639,3,-29,1932,Candidate Master
125,Codeforces Round 763 (Div. 2),Dec/28/2021 16:35,218,3,+55,1961,Candidate Master
124,Codeforces Global Round 18,Dec/24/2021 17:35,826,3,+47,1906,Candidate Master
123,Codeforces Round 761 (Div. 2),Dec/16/2021 16:35,1039,3,-41,1859,Expert
122,"Codeforces Round 759 (Div. 2, based on Technocup 2022 Elimination Round 3)",Dec/12/2021 18:15,2595,3,-148,1900,Candidate Master
121,Educational Codeforces Round 118 (Rated for Div. 2),Dec/01/2021 17:35,332,4,-1,2048,Candidate Master
120,Codeforces Round 754 (Div. 2),Nov/12/2021 17:35,136,4,+61,2049,Candidate Master
119,Codeforces Round 752 (Div. 1),Oct/30/2021 17:35,750,2,-28,1988,Candidate Master
118,Codeforces Round 747 (Div. 2),Oct/08/2021 18:05,229,5,+27,2016,Candidate Master
117,Codeforces Round 746 (Div. 2),Oct/03/2021 17:35,540,3,-14,1989,Candidate Master
116,Codeforces Round 745 (Div. 1),Sep/30/2021 13:15,424,1,-17,2003,Candidate Master
115,Educational Codeforces Round 114 (Rated for Div. 2),Sep/20/2021 17:35,520,4,-15,2020,Candidate Master
114,Codeforces Global Round 16,Sep/12/2021 17:35,448,6,+93,2035,Candidate Master
113,Educational Codeforces Round 113 (Rated for Div. 2),Sep/08/2021 17:35,195,4,+82,1942,Candidate Master
112,Codeforces Round 742 (Div. 2),Sep/05/2021 17:35,1144,3,-29,1860,Expert
111,"Codeforces Round 740 (Div. 2, based on VK Cup 2021 - Final (Engine))",Aug/24/2021 17:35,464,4,+12,1889,Expert
110,Codeforces Round 738 (Div. 2),Aug/15/2021 17:35,3672,3,-125,1877,Expert
109,Codeforces Round 737 (Div. 2),Aug/09/2021 17:35,394,3,+18,2002,Candidate Master
108,Educational Codeforces Round 112 (Rated for Div. 2),Jul/30/2021 17:35,967,4,-46,1984,Candidate Master
107,Codeforces Round 735 (Div. 2),Jul/29/2021 17:35,331,4,+19,2030,Candidate Master
106,Codeforces Global Round 15,Jul/25/2021 17:35,1024,4,-3,2011,Candidate Master
105,"Codeforces Round 733 (Div. 1 + Div. 2, based on VK Cup 2021 - Elimination (Engine))",Jul/17/2021 17:35,1785,4,-83,2014,Candidate Master
104,Educational Codeforces Round 111 (Rated for Div. 2),Jul/14/2021 17:35,150,4,+59,2097,Candidate Master
103,Codeforces Round 732 (Div. 1),Jul/11/2021 17:05,684,1,-34,2038,Candidate Master
102,Codeforces Round 730 (Div. 2),Jul/07/2021 17:35,122,5,+73,2072,Candidate Master
101,Codeforces Round 727 (Div. 2),Jun/20/2021 13:05,170,4,+62,1999,Candidate Master
100,Codeforces Round 726 (Div. 2),Jun/18/2021 17:35,627,5,+12,1937,Candidate Master
99,Educational Codeforces Round 110 (Rated for Div. 2),Jun/04/2021 17:35,504,4,+21,1925,Candidate Master
98,Codeforces Round 722 (Div. 2),May/24/2021 17:35,86,4,+129,1904,Candidate Master
97,Codeforces Round 721 (Div. 2),May/20/2021 17:35,637,4,+64,1775,Expert
96,Educational Codeforces Round 109 (Rated for Div. 2),May/16/2021 11:00,3404,2,-106,1711,Expert
95,Codeforces Global Round 14,May/02/2021 17:35,1681,4,+5,1817,Expert
94,Educational Codeforces Round 108 (Rated for Div. 2),Apr/29/2021 17:35,1722,4,-47,1812,Expert
93,Contest 2050 and Codeforces Round 718 (Div. 1 + Div. 2),Apr/23/2021 17:35,2952,3,-91,1859,Expert
92,Codeforces Round 717 (Div. 2),Apr/21/2021 16:35,185,4,+93,1950,Candidate Master
91,Codeforces Round 716 (Div. 2),Apr/19/2021 16:35,2494,2,-109,1857,Expert
90,Educational Codeforces Round 107 (Rated for Div. 2),Apr/12/2021 17:35,42,5,+192,1966,Candidate Master
89,Divide by Zero 2021 and Codeforces Round 714 (Div. 2),Apr/11/2021 17:35,700,3,+34,1774,Expert
88,Codeforces Round 712 (Div. 2),Apr/03/2021 17:35,1446,3,-34,1740,Expert
87,CodeCraft-21 and Codeforces Round 711 (Div. 2),Mar/29/2021 17:35,1097,3,-9,1774,Expert
86,"Codeforces Round 707 (Div. 2, based on Moscow Open Olympiad in Informatics)",Mar/13/2021 12:05,778,3,-10,1783,Expert
85,Codeforces Round 706 (Div. 2),Mar/10/2021 15:05,809,3,-2,1793,Expert
84,Codeforces Round 705 (Div. 2),Mar/06/2021 17:05,4488,1,-146,1795,Expert
83,Educational Codeforces Round 105 (Rated for Div. 2),Mar/02/2021 17:45,866,3,-19,1941,Candidate Master
82,Codeforces Global Round 13,Feb/28/2021 16:35,1487,4,-16,1960,Candidate Master
81,Codeforces Round 704 (Div. 2),Feb/23/2021 12:05,187,4,+83,1976,Candidate Master
80,Codeforces Round 703 (Div. 2),Feb/18/2021 17:35,664,4,+28,1893,Expert
79,Educational Codeforces Round 104 (Rated for Div. 2),Feb/15/2021 17:35,498,5,+49,1865,Expert
78,Codeforces Round 701 (Div. 2),Feb/12/2021 17:50,1765,2,-45,1816,Expert
77,Codeforces Round 700 (Div. 1),Feb/07/2021 17:35,958,1,-45,1861,Expert
76,Codeforces Round 699 (Div. 2),Feb/05/2021 17:35,436,4,+48,1906,Candidate Master
75,Educational Codeforces Round 103 (Rated for Div. 2),Jan/29/2021 17:35,711,4,+36,1858,Expert
74,Codeforces Round 698 (Div. 2),Jan/28/2021 17:35,1413,3,-39,1822,Expert
73,Educational Codeforces Round 102 (Rated for Div. 2),Jan/14/2021 17:35,1178,4,-27,1861,Expert
72,Codeforces Round 695 (Div. 2),Jan/08/2021 17:35,982,3,-4,1888,Expert
71,Codeforces Round 694 (Div. 2),Jan/05/2021 17:35,204,4,+85,1892,Expert
70,Good Bye 2020,Dec/30/2020 17:35,1609,5,+43,1807,Expert
69,"Codeforces Round 692 (Div. 2, based on Technocup 2021 Elimination Round 3)",Dec/20/2020 18:05,1904,2,-76,1764,Expert
68,Codeforces Round 691 (Div. 2),Dec/19/2020 12:35,541,3,-7,1840,Expert
67,Educational Codeforces Round 100 (Rated for Div. 2),Dec/17/2020 17:35,510,3,+59,1847,Expert
66,Codeforces Global Round 12,Dec/06/2020 17:35,1322,3,+33,1788,Expert
65,Codeforces Round 688 (Div. 2),Dec/04/2020 16:05,215,4,+158,1755,Expert
64,Educational Codeforces Round 99 (Rated for Div. 2),Nov/30/2020 17:35,3370,3,-52,1597,Specialist
63,"Codeforces Round 687 (Div. 2, based on Technocup 2021 Elimination Round 2)",Nov/29/2020 10:05,2129,2,-79,1649,Expert
62,Codeforces Round 685 (Div. 2),Nov/21/2020 17:35,2120,3,-33,1728,Expert
61,"Codeforces Round 681 (Div. 2, based on VK Cup 2019-2020 - Final)",Nov/02/2020 17:35,1326,3,-49,1761,Expert
60,"Codeforces Round 680 (Div. 2, based on Moscow Team Olympiad)",Nov/01/2020 14:05,284,4,+54,1810,Expert
59,Educational Codeforces Round 97 (Rated for Div. 2),Oct/27/2020 17:35,989,4,+21,1756,Expert
58,"Codeforces Round 679 (Div. 2, based on Technocup 2021 Elimination Round 1)",Oct/25/2020 14:05,1444,2,-62,1735,Expert
57,Codeforces Round 678 (Div. 2),Oct/24/2020 17:05,474,4,+67,1797,Expert
56,Codeforces Round 676 (Div. 2),Oct/18/2020 12:05,1611,3,-28,1730,Expert
55,Codeforces Raif Round 1 (Div. 1 + Div. 2),Oct/17/2020 16:05,1737,4,+17,1758,Expert
54,Educational Codeforces Round 96 (Rated for Div. 2),Oct/11/2020 12:05,2076,3,-73,1741,Expert
53,Codeforces Global Round 11,Oct/10/2020 17:50,1702,3,+1,1814,Expert
52,Codeforces Round 675 (Div. 2),Oct/04/2020 19:05,364,3,+81,1813,Expert
51,Grakn Forces 2020,Sep/30/2020 17:35,1812,3,+15,1732,Expert
50,Codeforces Round 673 (Div. 2),Sep/27/2020 18:05,627,3,+30,1717,Expert
49,Codeforces Round 672 (Div. 2),Sep/24/2020 17:35,1368,4,+35,1687,Expert
48,Codeforces Round 671 (Div. 2),Sep/19/2020 17:35,1971,4,-2,1652,Expert
47,Codeforces Round 670 (Div. 2),Sep/12/2020 16:45,2007,3,+6,1654,Expert
46,Codeforces Round 669 (Div. 2),Sep/08/2020 17:35,1222,3,+75,1648,Expert
45,Codeforces Round 668 (Div. 2),Sep/06/2020 17:35,3102,3,-34,1573,Specialist
44,Codeforces Round 667 (Div. 3),Sep/04/2020 17:35,504,4,+74,1607,Expert
43,Codeforces Round 666 (Div. 2),Aug/30/2020 17:35,2460,2,+16,1533,Specialist
42,Educational Codeforces Round 94 (Rated for Div. 2),Aug/25/2020 17:35,1660,3,+89,1517,Specialist
41,Codeforces Round 665 (Div. 2),Aug/21/2020 17:35,6304,2,-58,1428,Specialist
40,Codeforces Global Round 10,Aug/16/2020 17:35,1749,4,+122,1486,Specialist
39,Educational Codeforces Round 93 (Rated for Div. 2),Aug/14/2020 17:35,7914,2,-69,1364,Pupil
38,Codeforces Round 664 (Div. 2),Aug/12/2020 17:35,7262,1,-76,1433,Specialist
37,Codeforces Round 662 (Div. 2),Aug/07/2020 17:35,2154,3,+67,1509,Specialist
36,Codeforces Round 661 (Div. 3),Aug/05/2020 17:35,1701,4,+46,1442,Specialist
35,Codeforces Round 660 (Div. 2),Jul/30/2020 17:35,2178,3,+123,1396,Pupil
34,Educational Codeforces Round 92 (Rated for Div. 2),Jul/29/2020 17:35,7368,1,-23,1273,Pupil
33,Codeforces Round 659 (Div. 2),Jul/24/2020 17:35,6280,0,-115,1296,Pupil
32,Codeforces Round 658 (Div. 2),Jul/21/2020 17:35,11849,1,-132,1411,Specialist
31,Codeforces Round 657 (Div. 2),Jul/19/2020 12:00,1167,2,+139,1543,Specialist
30,Codeforces Round 656 (Div. 3),Jul/17/2020 17:35,4334,3,-32,1404,Specialist
29,Codeforces Global Round 9,Jul/04/2020 17:45,3033,3,+99,1436,Specialist
28,Codeforces Round 653 (Div. 3),Jun/28/2020 17:35,1741,4,+85,1337,Pupil
27,Codeforces Round 652 (Div. 2),Jun/23/2020 17:05,9366,1,-58,1252,Pupil
26,Codeforces Round 651 (Div. 2),Jun/20/2020 17:35,8380,2,-50,1310,Pupil
25,Codeforces Global Round 8,Jun/18/2020 17:45,4677,3,+49,1360,Pupil
24,Codeforces Round 650 (Div. 3),Jun/16/2020 17:35,7779,2,-64,1311,Pupil
23,Codeforces Round 649 (Div. 2),Jun/13/2020 18:05,4306,2,+29,1375,Pupil
22,Educational Codeforces Round 89 (Rated for Div. 2),Jun/11/2020 17:35,7516,1,-52,1346,Pupil
21,Codeforces Round 648 (Div. 2),Jun/07/2020 17:35,3465,3,+72,1398,Pupil
20,"Codeforces Round 647 (Div. 2) - Thanks, Algo Muse!",Jun/04/2020 17:35,2783,3,+112,1326,Pupil
19,Codeforces Round 646 (Div. 2),May/31/2020 17:35,9913,0,-112,1214,Pupil
18,Educational Codeforces Round 88 (Rated for Div. 2),May/28/2020 17:35,5402,2,+30,1326,Pupil
17,Codeforces Round 645 (Div. 2),May/26/2020 17:35,8888,2,-41,1296,Pupil
16,Codeforces Round 644 (Div. 3),May/24/2020 16:35,5340,4,-30,1337,Pupil
15,Educational Codeforces Round 87 (Rated for Div. 2),May/17/2020 12:20,3749,3,+52,1367,Pupil
14,Codeforces Round 641 (Div. 2),May/12/2020 15:35,8340,1,-56,1315,Pupil
13,Codeforces Round 640 (Div. 4),May/09/2020 17:35,2098,4,+54,1371,Pupil
12,Codeforces Round 638 (Div. 2),May/01/2020 17:35,5226,2,+70,1317,Pupil
11,Educational Codeforces Round 86 (Rated for Div. 2),Apr/26/2020 17:35,10250,1,-35,1247,Pupil
10,"Codeforces Round 637 (Div. 2) - Thanks, Ivan Belonogov!",Apr/23/2020 17:45,9187,1,-21,1282,Pupil
9,Codeforces Round 636 (Div. 3),Apr/21/2020 17:35,6075,3,+9,1303,Pupil
8,Codeforces Round 635 (Div. 2),Apr/15/2020 17:35,6132,2,+33,1294,Pupil
7,Codeforces Round 634 (Div. 3),Apr/13/2020 17:35,5404,4,+45,1261,Pupil
6,Codeforces Round 633 (Div. 2),Apr/12/2020 17:05,9108,1,-55,1216,Pupil
5,Codeforces Round 632 (Div. 2),Apr/08/2020 17:35,6447,2,+33,1271,Pupil
4,"Codeforces Round 631 (Div. 2) - Thanks, Denis aramis Shitov!",Apr/03/2020 17:35,8051,1,-40,1238,Pupil
3,Educational Codeforces Round 84 (Rated for Div. 2),Mar/23/2020 17:35,8328,1,-23,1278,Pupil
2,Codeforces Global Round 7,Mar/19/2020 17:35,8697,1,-76,1301,Pupil
1,Codeforces Round 628 (Div. 2),Mar/14/2020 17:35,8765,1,-123,1377,Pupil
