#,Contest,Start time,Rank,Solved,Rating change,New rating,Title
79,Codeforces Round 854 by cybercats (Div. 1 + Div. 2),Feb/27/2023 17:35,641,5,-22,2129,Master
78,"Codeforces Round 850 (Div. 1, based on VK Cup 2022 - Final Round)",Feb/05/2023 15:05,404,3,+27,2151,Master
77,"Codeforces Round 844 (Div. 1 + Div. 2, based on VK Cup 2022 - Elimination Round)",Jan/15/2023 15:05,760,4,-25,2124,Master
76,Good Bye 2022: 2023 is NEAR,Dec/30/2022 17:35,467,4,+73,2149,Master
75,Codeforces Round 841 (Div. 2) and Divide by Zero 2022,Dec/27/2022 17:35,85,5,+83,2076,Candidate Master
74,Codeforces Round 840 (Div. 2) and Enigma 2022 - Cybros LNMIIT,Dec/19/2022 17:35,1104,2,-85,1993,Candidate Master
73,"Polynomial Round 2022 (Div. 1 + Div. 2, Rated, Prizes!)",Dec/17/2022 17:35,753,4,-10,2078,Candidate Master
72,Educational Codeforces Round 140 (Rated for Div. 2),Dec/16/2022 17:35,36,4,+143,2088,Candidate Master
71,Codeforces Round 836 (Div. 2),Nov/25/2022 18:35,111,4,+109,1945,Candidate Master
70,Pinely Round 1 (Div. 1 + Div. 2),Nov/20/2022 17:35,1701,3,-51,1836,Expert
69,Codeforces Round 832 (Div. 2),Nov/04/2022 17:35,6172,2,-195,1887,Expert
68,Codeforces Round 831 (Div. 1 + Div. 2),Oct/29/2022 12:10,949,5,-72,2082,Candidate Master
67,Codeforces Round 829 (Div. 1),Oct/23/2022 10:50,661,3,-58,2154,Master
66,Educational Codeforces Round 129 (Rated for Div. 2),May/23/2022 17:35,21,5,+137,2212,Master
65,Codeforces Round 793 (Div. 2),May/22/2022 17:35,119,4,+59,2075,Candidate Master
64,Codeforces Round 792 (Div. 1 + Div. 2),May/19/2022 17:35,1606,3,-78,2016,Candidate Master
63,Codeforces Round 791 (Div. 2),May/14/2022 12:35,101,4,+56,2094,Candidate Master
62,Educational Codeforces Round 128 (Rated for Div. 2),May/13/2022 17:35,361,4,-11,2038,Candidate Master
61,Codeforces Round 788 (Div. 2),May/06/2022 17:35,151,4,+39,2049,Candidate Master
60,Codeforces Global Round 20,Apr/23/2022 17:05,1982,3,-117,2010,Candidate Master
59,Codeforces Round 783 (Div. 1),Apr/19/2022 17:35,598,1,-54,2127,Master
58,"CodeTON Round 1 (Div. 1 + Div. 2, Rated, Prizes!)",Mar/24/2022 17:35,678,4,-9,2181,Master
57,"Codeforces Round 778 (Div. 1 + Div. 2, based on Technocup 2022 Final Round)",Mar/20/2022 14:35,805,4,-54,2190,Master
56,"Codeforces Round 775 (Div. 1, based on Moscow Open Olympiad in Informatics)",Mar/06/2022 12:55,216,3,+58,2244,Master
55,Hello 2022,Jan/03/2022 17:35,581,4,+12,2186,Master
54,Good Bye 2021: 2022 is NEAR,Dec/29/2021 18:35,674,4,+4,2174,Master
53,Codeforces Round 758 (Div.1 + Div. 2),Dec/11/2021 13:05,689,3,-53,2170,Master
52,Educational Codeforces Round 118 (Rated for Div. 2),Dec/01/2021 17:35,17,5,+140,2223,Master
51,Codeforces Global Round 17,Nov/23/2021 17:35,950,3,-44,2083,Candidate Master
50,"Codeforces Round 755 (Div. 1, based on Technocup 2022 Elimination Round 2)",Nov/14/2021 09:05,294,2,+21,2127,Master
49,Codeforces Round 752 (Div. 1),Oct/30/2021 17:35,615,2,-23,2106,Master
48,"Codeforces Round 749 (Div. 1 + Div. 2, based on Technocup 2022 Elimination Round 1)",Oct/17/2021 14:05,575,4,+6,2129,Master
47,Codeforces Round 746 (Div. 2),Oct/03/2021 17:35,75,4,+85,2123,Master
46,Educational Codeforces Round 114 (Rated for Div. 2),Sep/20/2021 17:35,678,3,-42,2038,Candidate Master
45,Educational Codeforces Round 113 (Rated for Div. 2),Sep/08/2021 17:35,133,4,+55,2080,Candidate Master
44,"Codeforces Round 740 (Div. 1, based on VK Cup 2021 - Final (Engine))",Aug/24/2021 17:35,876,1,-93,2025,Candidate Master
43,"Harbour.Space Scholarship Contest 2021-2022 (open for everyone, rated, Div. 1 + Div. 2)",Jul/22/2021 17:35,405,5,+56,2118,Master
42,"Codeforces Round 733 (Div. 1 + Div. 2, based on VK Cup 2021 - Elimination (Engine))",Jul/17/2021 17:35,1411,4,-68,2062,Candidate Master
41,"Deltix Round, Spring 2021 (open for everyone, rated, Div. 1 + Div. 2)",May/30/2021 17:35,635,3,+15,2130,Master
40,Codeforces Round 723 (Div. 2),May/28/2021 17:05,38,5,+151,2115,Master
39,Codeforces Round 722 (Div. 2),May/24/2021 17:35,45,4,+149,1964,Candidate Master
38,Codeforces Round 721 (Div. 2),May/20/2021 17:35,345,4,+102,1815,Expert
37,Educational Codeforces Round 109 (Rated for Div. 2),May/16/2021 11:00,8062,1,-190,1713,Expert
36,Codeforces Global Round 14,May/02/2021 17:35,10532,1,-269,1903,Candidate Master
35,Contest 2050 and Codeforces Round 718 (Div. 1 + Div. 2),Apr/23/2021 17:35,1018,4,-49,2172,Master
34,Codeforces Round 712 (Div. 1),Apr/03/2021 17:35,209,3,+89,2221,Master
33,"Codeforces Round 709 (Div. 1, based on Technocup 2021 Final Round)",Mar/21/2021 16:20,706,2,-71,2132,Master
32,"Codeforces Round 707 (Div. 1, based on Moscow Open Olympiad in Informatics)",Mar/13/2021 12:05,336,1,-9,2203,Master
31,Codeforces Round 706 (Div. 1),Mar/10/2021 15:05,380,2,+27,2212,Master
30,Codeforces Global Round 13,Feb/28/2021 16:35,466,4,+50,2185,Master
29,Codeforces Round 700 (Div. 1),Feb/07/2021 17:35,865,1,-77,2135,Master
28,Educational Codeforces Round 102 (Rated for Div. 2),Jan/14/2021 17:35,11,5,+191,2212,Master
27,Good Bye 2020,Dec/30/2020 17:35,1100,5,+16,2021,Candidate Master
26,"Codeforces Round 692 (Div. 1, based on Technocup 2021 Elimination Round 3)",Dec/20/2020 18:05,614,1,-40,2005,Candidate Master
25,Educational Codeforces Round 100 (Rated for Div. 2),Dec/17/2020 17:35,10,5,+299,2045,Candidate Master
24,Codeforces Global Round 12,Dec/06/2020 17:35,2970,2,-72,1746,Expert
23,Educational Codeforces Round 99 (Rated for Div. 2),Nov/30/2020 17:35,220,4,+136,1818,Expert
22,Codeforces Round 684 (Div. 2),Nov/17/2020 17:35,2724,2,-82,1682,Expert
21,"Codeforces Round 681 (Div. 2, based on VK Cup 2019-2020 - Final)",Nov/02/2020 17:35,942,3,-22,1764,Expert
20,"Codeforces Round 679 (Div. 2, based on Technocup 2021 Elimination Round 1)",Oct/25/2020 14:05,287,4,+62,1786,Expert
19,Codeforces Round 678 (Div. 2),Oct/24/2020 17:05,2691,2,-76,1724,Expert
18,Codeforces Raif Round 1 (Div. 1 + Div. 2),Oct/17/2020 16:05,979,4,+86,1800,Expert
17,Educational Codeforces Round 96 (Rated for Div. 2),Oct/11/2020 12:05,460,5,+98,1714,Expert
16,Codeforces Global Round 11,Oct/10/2020 17:50,2831,2,-13,1616,Expert
15,Codeforces Round 670 (Div. 2),Sep/12/2020 16:45,3469,2,-50,1629,Expert
14,Codeforces Round 669 (Div. 2),Sep/08/2020 17:35,2730,3,-28,1679,Expert
13,Codeforces Round 668 (Div. 2),Sep/06/2020 17:35,3338,2,-81,1707,Expert
12,Codeforces Round 666 (Div. 2),Aug/30/2020 17:35,510,4,+60,1788,Expert
11,Educational Codeforces Round 94 (Rated for Div. 2),Aug/25/2020 17:35,521,4,+120,1728,Expert
10,Codeforces Round 665 (Div. 2),Aug/21/2020 17:35,9279,1,-151,1608,Expert
9,Codeforces Global Round 10,Aug/16/2020 17:35,499,5,+190,1759,Expert
8,Educational Codeforces Round 93 (Rated for Div. 2),Aug/14/2020 17:35,5484,2,-76,1569,Specialist
7,Codeforces Round 664 (Div. 2),Aug/12/2020 17:35,612,3,+122,1645,Expert
6,Codeforces Round 660 (Div. 2),Jul/30/2020 17:35,2393,3,+52,1523,Specialist
5,Educational Codeforces Round 92 (Rated for Div. 2),Jul/29/2020 17:35,6461,1,-61,1471,Specialist
4,Codeforces Round 658 (Div. 2),Jul/21/2020 17:35,1847,4,+62,1532,Specialist
3,Codeforces Round 656 (Div. 3),Jul/17/2020 17:35,2653,3,-6,1470,Specialist
2,Codeforces Round 652 (Div. 2),Jun/23/2020 17:05,2587,3,+59,1476,Specialist
1,Educational Codeforces Round 66 (Rated for Div. 2),Jun/05/2019 17:35,4368,1,-83,1417,Specialist
