#,Contest,Start time,Rank,Solved,Rating change,New rating,Title
77,"Polynomial Round 2022 (Div. 1 + Div. 2, Rated, Prizes!)",Dec/17/2022 17:35,1254,4,-90,2132,Master
76,"Codeforces Round 733 (Div. 1 + Div. 2, based on VK Cup 2021 - Elimination (Engine))",Jul/17/2021 17:35,1170,4,-94,2222,Master
75,Codeforces Round 712 (Div. 1),Apr/03/2021 17:35,327,3,-7,2316,International Master
74,Codeforces Round 706 (Div. 1),Mar/10/2021 15:05,133,3,+110,2323,International Master
73,Codeforces Round 696 (Div. 2),Jan/19/2021 17:35,29,4,+124,2213,Master
72,Codeforces Round 694 (Div. 1),Jan/05/2021 17:35,821,2,-77,2089,Candidate Master
71,"Codeforces Round 692 (Div. 1, based on Technocup 2021 Elimination Round 3)",Dec/20/2020 18:05,498,2,-46,2166,Master
70,"Codeforces Round 683 (Div. 1, by Meet IT)",Nov/15/2020 17:35,475,3,-37,2212,Master
69,Codeforces Raif Round 1 (Div. 1 + Div. 2),Oct/17/2020 16:05,400,5,+27,2249,Master
68,Codeforces Global Round 11,Oct/10/2020 17:50,426,4,+38,2222,Master
67,Codeforces Global Round 9,Jul/04/2020 17:45,409,5,+76,2184,Master
66,Codeforces Round 635 (Div. 1),Apr/15/2020 17:35,620,2,+7,2108,Master
65,Codeforces Round 633 (Div. 1),Apr/12/2020 17:05,752,2,-26,2101,Master
64,"Codeforces Round 631 (Div. 1) - Thanks, Denis aramis Shitov!",Apr/03/2020 17:35,1090,1,-90,2127,Master
63,Codeforces Round 630 (Div. 2),Mar/31/2020 16:35,29,6,+145,2217,Master
62,Educational Codeforces Round 84 (Rated for Div. 2),Mar/23/2020 17:35,61,5,+148,2072,Candidate Master
61,Codeforces Round 588 (Div. 1),Sep/23/2019 17:05,578,1,-55,1924,Candidate Master
60,Educational Codeforces Round 72 (Rated for Div. 2),Sep/05/2019 17:35,1552,2,-82,1979,Candidate Master
59,Educational Codeforces Round 71 (Rated for Div. 2),Aug/22/2019 17:35,408,5,-21,2061,Candidate Master
58,Codeforces Round 578 (Div. 2),Aug/11/2019 15:35,174,5,+33,2082,Candidate Master
57,Educational Codeforces Round 70 (Rated for Div. 2),Aug/07/2019 17:35,183,3,+23,2049,Candidate Master
56,Codeforces Round 577 (Div. 2),Aug/04/2019 19:35,289,3,-5,2026,Candidate Master
55,Educational Codeforces Round 69 (Rated for Div. 2),Jul/22/2019 17:35,123,4,+71,2031,Candidate Master
54,Codeforces Global Round 4,Jul/20/2019 18:35,618,5,+22,1960,Candidate Master
53,Codeforces Round 534 (Div. 1),Jan/22/2019 17:35,310,2,+23,1938,Candidate Master
52,Codeforces Round 530 (Div. 1),Jan/05/2019 19:35,411,1,-10,1915,Candidate Master
51,"Codeforces Round 513 by Barcelona Bootcamp (rated, Div. 1 + Div. 2)",Oct/04/2018 10:05,410,5,+40,1925,Candidate Master
50,"Codeforces Round 512 (Div. 2, based on Technocup 2019 Elimination Round 1)",Sep/23/2018 16:05,131,4,+60,1885,Expert
49,Codeforces Round 510 (Div. 2),Sep/17/2018 11:05,807,3,-56,1825,Expert
48,Codeforces Round 509 (Div. 2),Sep/16/2018 13:35,485,5,+2,1881,Expert
47,Educational Codeforces Round 50 (Rated for Div. 2),Sep/07/2018 17:35,900,3,-50,1879,Expert
46,"Codeforces Round 507 (Div. 1, based on Olympiad of Metropolises)",Sep/05/2018 19:35,281,1,-36,1929,Candidate Master
45,"AIM Tech Round 5 (rated, Div. 1 + Div. 2)",Aug/27/2018 19:35,592,3,-8,1965,Candidate Master
44,"Codeforces Round 503 (by SIS, Div. 1)",Aug/11/2018 16:35,322,1,+4,1973,Candidate Master
43,Codeforces Round 497 (Div. 1),Jul/13/2018 17:35,452,1,-57,1969,Candidate Master
42,Codeforces Round 485 (Div. 1),May/29/2018 18:35,307,2,-10,2026,Candidate Master
41,"Codeforces Round 483 (Div. 1) [Thanks, Botan Investments and Victor Shaburov!]",May/15/2018 17:45,205,2,+49,2036,Candidate Master
40,"Codeforces Round 470 (rated, Div. 1, based on VK Cup 2018 Round 1)",Mar/10/2018 18:35,359,3,-54,1987,Candidate Master
39,"ICM Technex 2018 and Codeforces Round 463 (Div. 1 + Div. 2, combined)",Feb/15/2018 17:35,490,3,-14,2041,Candidate Master
38,Good Bye 2017,Dec/29/2017 18:40,280,4,+76,2055,Candidate Master
37,"Manthan, Codefest 17",Sep/24/2017 17:35,760,2,-68,1979,Candidate Master
36,AIM Tech Round 4 (Div. 1),Aug/24/2017 19:35,215,2,+43,2047,Candidate Master
35,Codeforces Round 429 (Div. 1),Aug/18/2017 18:05,297,2,-4,2004,Candidate Master
34,"Codeforces Round 424 (Div. 2, rated, based on VK Cup Finals)",Jul/13/2017 18:05,23,5,+121,2008,Candidate Master
33,"Codeforces Round 423 (Div. 2, rated, based on VK Cup Finals)",Jul/11/2017 19:45,129,4,+58,1887,Expert
32,Codeforces Round 419 (Div. 2),Jun/17/2017 17:35,154,3,+67,1829,Expert
31,Codeforces Round 417 (Div. 2),Jun/01/2017 17:15,609,3,-12,1762,Expert
30,Codeforces Round 406 (Div. 2),Mar/23/2017 18:05,313,2,+44,1774,Expert
29,Codeforces Round 404 (Div. 2),Mar/15/2017 18:05,676,3,-6,1730,Expert
28,"Codeforces Round 403 (Div. 2, based on Technocup 2017 Finals)",Mar/05/2017 16:05,471,3,+8,1736,Expert
27,Codeforces Round 398 (Div. 2),Feb/18/2017 12:05,602,1,-15,1728,Expert
26,Codeforces Round 393 (Div. 2) (8VC Venture Cup 2017 - Final Round Div. 2 Edition),Jan/22/2017 21:15,258,4,+42,1743,Expert
25,Good Bye 2016,Dec/30/2016 17:15,946,4,+91,1701,Expert
24,"Codeforces Round 389 (Div. 2, Rated, Based on Technocup 2017 - Elimination Round 3)",Dec/25/2016 12:05,210,3,+104,1610,Expert
23,Codeforces Round 381 (Div. 2),Nov/23/2016 19:35,1517,2,-16,1506,Specialist
22,Codeforces Round 379 (Div. 2),Nov/15/2016 19:35,1794,2,-45,1522,Specialist
21,Codeforces Round 372 (Div. 2),Sep/17/2016 16:45,456,3,+116,1567,Specialist
20,Codeforces Round 366 (Div. 2),Aug/07/2016 17:05,1318,2,+38,1451,Specialist
19,Codeforces Round 344 (Div. 2),Mar/03/2016 19:35,1061,2,+27,1413,Specialist
18,Codeforces Round 340 (Div. 2),Jan/23/2016 18:35,2203,1,-46,1386,Pupil
17,Good Bye 2015,Dec/30/2015 18:05,2396,3,+17,1432,Specialist
16,Codeforces Round 336 (Div. 2),Dec/23/2015 19:35,1479,1,0,1415,Specialist
15,Codeforces Round 333 (Div. 2),Nov/24/2015 19:35,2392,0,-117,1415,Specialist
14,Codeforces Round 326 (Div. 2),Oct/15/2015 19:30,2300,1,-59,1532,Specialist
13,Codeforces Round 323 (Div. 2),Oct/03/2015 19:45,754,3,+26,1591,Specialist
12,Codeforces Round 320 (Div. 2) [Bayan Thanks-Round],Sep/16/2015 18:15,825,2,+5,1565,Specialist
11,Codeforces Round 319 (Div. 2),Sep/10/2015 19:30,866,2,-62,1560,Specialist
10,Codeforces Round 318 [RussianCodeCup Thanks-Round] (Div. 2),Aug/29/2015 19:30,540,3,-62,1622,Expert
9,Codeforces Round 312 (Div. 2),Jul/14/2015 18:10,117,3,+215,1684,Expert
8,Codeforces Round 311 (Div. 2),Jun/30/2015 18:00,1363,1,-90,1469,Specialist
7,Codeforces Round 310 (Div. 2),Jun/27/2015 17:10,1278,2,-85,1559,Specialist
6,Codeforces Round 309 (Div. 1),Jun/24/2015 19:30,745,0,-70,1644,Expert
5,Looksery Cup 2015,Jun/06/2015 16:00,1172,2,+87,1714,Expert
4,Codeforces Round 306 (Div. 2),Jun/04/2015 19:30,440,3,+7,1627,Expert
3,Codeforces Round 305 (Div. 2),May/26/2015 19:35,340,2,+105,1620,Expert
2,Codeforces Round 304 (Div. 2),May/22/2015 19:30,754,3,+70,1515,Specialist
1,Codeforces Round 299 (Div. 2),Apr/14/2015 19:35,1418,2,-55,1445,Specialist
