#,Contest,Start time,Rank,Solved,Rating change,New rating,Title
82,Codeforces Round 854 by cybercats (Div. 1 + Div. 2),Feb/27/2023 17:35,328,6,-89,2587,Grandmaster
81,Hello 2022,Jan/03/2022 17:35,90,6,+44,2676,International Grandmaster
80,Good Bye 2021: 2022 is NEAR,Dec/29/2021 18:35,151,5,+12,2632,International Grandmaster
79,"Deltix Round, Autumn 2021 (open for everyone, rated, Div. 1 + Div. 2)",Nov/28/2021 17:35,197,5,-34,2620,International Grandmaster
78,"Deltix Round, Summer 2021 (open for everyone, rated, Div. 1 + Div. 2)",Aug/29/2021 17:35,358,5,-93,2654,International Grandmaster
77,Codeforces Global Round 15,Jul/25/2021 17:35,47,7,+79,2747,International Grandmaster
76,Codeforces Global Round 14,May/02/2021 17:35,145,6,-12,2668,International Grandmaster
75,Good Bye 2020,Dec/30/2020 17:35,170,7,-16,2680,International Grandmaster
74,Codeforces Global Round 11,Oct/10/2020 17:50,56,5,+68,2696,International Grandmaster
73,Good Bye 2019,Dec/29/2019 17:05,105,6,+8,2628,International Grandmaster
72,Codeforces Round 599 (Div. 1),Nov/06/2019 18:05,23,3,+129,2620,International Grandmaster
71,Codeforces Round 530 (Div. 1),Jan/05/2019 19:35,239,2,-98,2491,Grandmaster
70,Hello 2019,Jan/04/2019 17:45,120,5,-11,2589,Grandmaster
69,"Codeforces Round 505 (rated, Div. 1 + Div. 2, based on VK Cup 2018 Final)",Aug/19/2018 16:35,24,5,+83,2600,International Grandmaster
68,"Codeforces Round 483 (Div. 1) [Thanks, Botan Investments and Victor Shaburov!]",May/15/2018 17:45,77,3,-12,2517,Grandmaster
67,"Codeforces Round 470 (rated, Div. 1, based on VK Cup 2018 Round 1)",Mar/10/2018 18:35,112,3,-59,2529,Grandmaster
66,Hello 2018,Jan/08/2018 17:45,44,5,+57,2588,Grandmaster
65,Good Bye 2017,Dec/29/2017 18:40,91,5,+9,2531,Grandmaster
64,"Codeforces Round 454 (Div. 1, based on Technocup 2018 Elimination Round 4)",Dec/23/2017 17:05,35,3,+58,2522,Grandmaster
63,Codeforces Round 453 (Div. 1),Dec/19/2017 18:35,75,2,-20,2464,Grandmaster
62,Codeforces Round 449 (Div. 1),Dec/02/2017 17:05,3,4,+117,2484,Grandmaster
61,Codeforces Round 443 (Div. 1),Oct/26/2017 17:45,144,1,-54,2367,International Master
60,MemSQL Start[c]UP 3.0 - Round 2 and Codeforces Round 437 (Div. 1),Sep/30/2017 20:05,417,1,-186,2421,Grandmaster
59,"Manthan, Codefest 17",Sep/24/2017 17:35,29,5,+50,2607,International Grandmaster
58,MemSQL Start[c]UP 3.0 - Round 1,Sep/16/2017 20:35,28,6,+91,2557,Grandmaster
57,Codeforces Round 419 (Div. 1),Jun/17/2017 17:35,123,2,-28,2466,Grandmaster
56,"Playrix Codescapes Cup (Codeforces Round 413, rated, Div. 1 + Div. 2)",May/11/2017 18:35,200,4,-68,2494,Grandmaster
55,"Codeforces Round 412 (rated, Div. 1, based on VK Cup 2017 Round 3)",May/07/2017 18:45,178,2,-126,2562,Grandmaster
54,"Codeforces Round 409 (rated, Div. 1, based on VK Cup 2017 Round 2)",Apr/16/2017 18:35,11,4,+94,2688,International Grandmaster
53,Codeforces Round 407 (Div. 1),Mar/29/2017 19:05,45,3,+17,2594,Grandmaster
52,Codeforces Round 406 (Div. 1),Mar/23/2017 18:05,27,3,+68,2577,Grandmaster
51,"Codeforces Round 403 (Div. 1, based on Technocup 2017 Finals)",Mar/05/2017 16:05,24,5,+110,2509,Grandmaster
50,Codeforces Round 402 (Div. 1),Feb/26/2017 11:05,104,2,-30,2399,International Master
49,"ICM Technex 2017 and Codeforces Round 400 (Div. 1 + Div. 2, combined)",Feb/23/2017 17:45,65,5,+59,2429,Grandmaster
48,"Divide by Zero 2017 and Codeforces Round 399 (Div. 1 + Div. 2, combined)",Feb/20/2017 19:05,375,4,-86,2370,International Master
47,Codeforces Round 393 (Div. 1) (8VC Venture Cup 2017 - Final Round Div. 1 Edition),Jan/22/2017 21:15,118,3,-91,2456,Grandmaster
46,"Codecraft-17 and Codeforces Round 391 (Div. 1 + Div. 2, combined)",Jan/12/2017 18:35,117,4,-35,2547,Grandmaster
45,Good Bye 2016,Dec/30/2016 17:15,73,5,+26,2582,Grandmaster
44,Codeforces Round 383 (Div. 1),Dec/06/2016 17:35,10,3,+159,2556,Grandmaster
43,"Intel Code Challenge Final Round (Div. 1 + Div. 2, Combined)",Oct/08/2016 15:15,300,4,-85,2397,International Master
42,Codeforces Round 360 (Div. 1),Jun/29/2016 20:05,100,3,-32,2482,Grandmaster
41,Codeforces Round 359 (Div. 1),Jun/23/2016 19:35,16,4,+122,2514,Grandmaster
40,Codeforces Round 356 (Div. 1),Jun/08/2016 19:35,283,1,-105,2392,International Master
39,"Codeforces Round 351 (VK Cup 2016 Round 3, Div. 1 Edition)",May/07/2016 18:05,40,3,+10,2497,Grandmaster
38,VK Cup 2016 - Round 1 (Div.1 Edition),Mar/28/2016 19:35,27,3,+49,2487,Grandmaster
37,8VC Venture Cup 2016 - Final Round,Feb/28/2016 21:10,59,3,+15,2438,Grandmaster
36,8VC Venture Cup 2016 - Elimination Round,Feb/13/2016 20:35,143,5,-13,2423,Grandmaster
35,AIM Tech Round (Div. 1),Feb/04/2016 20:05,99,2,-1,2436,Grandmaster
34,Good Bye 2015,Dec/30/2015 18:05,108,5,+10,2437,Grandmaster
33,Codeforces Round 336 (Div. 1),Dec/23/2015 19:35,25,3,+118,2427,Grandmaster
32,Codeforces Round 335 (Div. 1),Dec/09/2015 19:05,82,3,+19,2309,International Master
31,Codeforces Round 334 (Div. 1),Dec/01/2015 18:35,26,3,+170,2290,Master
30,Codeforces Round 333 (Div. 1),Nov/24/2015 19:35,67,3,+134,2120,Master
29,Codeforces Round 326 (Div. 1),Oct/15/2015 19:30,174,3,+43,1986,Candidate Master
28,Codeforces Round 320 (Div. 1) [Bayan Thanks-Round],Sep/16/2015 18:15,733,1,-112,1943,Candidate Master
27,Codeforces Round 319 (Div. 1),Sep/10/2015 19:30,345,2,-63,2055,Candidate Master
26,Codeforces Round 318 [RussianCodeCup Thanks-Round] (Div. 1),Aug/29/2015 19:30,692,2,-117,2118,Master
25,Codeforces Round 317 [AimFund Thanks-Round] (Div. 1),Aug/22/2015 19:30,380,1,-106,2235,Master
24,Codeforces Round 315 (Div. 1),Aug/10/2015 19:30,98,2,+18,2341,International Master
23,"VK Cup 2015 - Finals, online mirror",Jul/30/2015 19:20,39,3,+53,2323,International Master
22,Codeforces Round 310 (Div. 1),Jun/27/2015 17:10,161,3,+30,2270,Master
21,Codeforces Round 309 (Div. 1),Jun/24/2015 19:30,146,3,+2,2240,Master
20,Looksery Cup 2015,Jun/06/2015 16:00,316,4,+9,2238,Master
19,Codeforces Round 305 (Div. 1),May/26/2015 19:35,249,2,-71,2229,Master
18,Codeforces Round 302 (Div. 1),May/07/2015 19:30,102,2,+38,2300,International Master
17,"VK Cup 2015 - Round 3 (unofficial online mirror, Div. 1 only)",May/03/2015 19:00,37,2,+87,2262,Master
16,Codeforces Round 300,Apr/26/2015 19:00,314,5,-10,2175,Master
15,"VK Cup 2015 - Round 2 (unofficial online mirror, Div. 1 only)",Apr/17/2015 19:00,42,4,+88,2185,Master
14,Codeforces Round 299 (Div. 1),Apr/14/2015 19:35,224,1,-14,2097,Candidate Master
13,ZeptoLab Code Rush 2015,Apr/04/2015 19:35,550,3,-78,2111,Master
12,"VK Cup 2015 - Round 1 (unofficial online mirror, Div. 1 only)",Mar/21/2015 19:45,56,3,+73,2189,Master
11,Codeforces Round 296 (Div. 1),Mar/17/2015 19:45,132,2,+144,2116,Master
10,Codeforces Round 292 (Div. 1),Feb/17/2015 19:35,518,1,-77,1972,Candidate Master
9,Rockethon 2015,Feb/07/2015 20:00,365,5,+88,2049,Candidate Master
8,Codeforces Round 290 (Div. 1),Feb/02/2015 19:30,556,1,-81,1961,Candidate Master
7,Codeforces Round 286 (Div. 1),Jan/18/2015 16:00,202,2,+37,2042,Candidate Master
6,Codeforces Round 260 (Div. 1),Aug/08/2014 19:30,186,2,+128,2005,Candidate Master
5,Codeforces Round 253 (Div. 1),Jun/19/2014 19:30,147,2,+104,1877,Expert
4,Codeforces Round 250 (Div. 2),Jun/01/2014 17:00,14,4,+79,1773,Expert
3,Codeforces Round 244 (Div. 2),May/02/2014 19:30,50,4,+194,1694,Expert
2,Codeforces Round 236 (Div. 2),Mar/16/2014 19:30,552,2,+2,1500,Specialist
1,Codeforces Round 234 (Div. 2),Mar/05/2014 19:30,685,2,-2,1498,Specialist
