#,Contest,Start time,Rank,Solved,Rating change,New rating,Title
9,Codeforces Round 829 (Div. 1),Oct/23/2022 10:50,504,3,-42,2246,Master
8,"Codeforces Round 775 (Div. 1, based on Moscow Open Olympiad in Informatics)",Mar/06/2022 12:55,226,3,+36,2288,Master
7,"Codeforces Round 749 (Div. 1 + Div. 2, based on Technocup 2022 Elimination Round 1)",Oct/17/2021 14:05,248,5,+59,2252,Master
6,Educational Codeforces Round 115 (Rated for Div. 2),Oct/10/2021 12:05,21,6,+119,2193,Master
5,Codeforces Round 729 (Div. 2),Jul/03/2021 16:05,345,3,+3,2074,Candidate Master
4,Codeforces Round 704 (Div. 2),Feb/23/2021 12:05,17,4,+217,2071,Candidate Master
3,Codeforces Round 701 (Div. 2),Feb/12/2021 17:50,573,3,+49,1854,Expert
2,Codeforces Round 700 (Div. 2),Feb/07/2021 17:35,330,4,+86,1805,Expert
1,"Codeforces Round 637 (Div. 2) - Thanks, Ivan Belonogov!",Apr/23/2020 17:45,155,4,+219,1719,Expert
