#,Contest,Start time,Rank,Solved,Rating change,New rating,Title
9,Educational Codeforces Round 137 (Rated for Div. 2),Oct/17/2022 17:35,64,5,+69,2159,Master
8,Codeforces Round 807 (Div. 2),Jul/15/2022 16:35,107,5,+61,2090,Candidate Master
7,Codeforces Round 804 (Div. 2),Jul/04/2022 17:35,164,4,+63,2029,Candidate Master
6,CodeCraft-22 and Codeforces Round 795 (Div. 2),May/31/2022 17:35,385,4,+58,1966,Candidate Master
5,Educational Codeforces Round 128 (Rated for Div. 2),May/13/2022 17:35,112,4,+206,1908,Candidate Master
4,Codeforces Round 787 (Div. 3),May/05/2022 17:35,39,6,+287,1702,Expert
3,Educational Codeforces Round 127 (Rated for Div. 2),Apr/22/2022 17:35,157,5,+437,1415,Specialist
2,Codeforces Round 784 (Div. 4),Apr/21/2022 17:35,211,8,+472,978,Newbie
1,Codeforces Round 752 (Div. 2),Oct/30/2021 17:35,2770,3,+506,506,Newbie
