#,Contest,Start time,Rank,Solved,Rating change,New rating,Title
60,Codeforces Round 854 by cybercats (Div. 1 + Div. 2),Feb/27/2023 17:35,676,5,-38,2159,Master
59,"Codeforces Round 850 (Div. 1, based on VK Cup 2022 - Final Round)",Feb/05/2023 15:05,375,3,+22,2197,Master
58,Good Bye 2022: 2023 is NEAR,Dec/30/2022 17:35,763,4,+6,2175,Master
57,Codeforces Round 829 (Div. 1),Oct/23/2022 10:50,396,4,+19,2169,Master
56,"CodeTON Round 2 (Div. 1 + Div. 2, Rated, Prizes!)",Jul/31/2022 17:05,268,5,+110,2150,Master
55,Codeforces Round 807 (Div. 2),Jul/15/2022 16:35,213,4,+33,2040,Candidate Master
54,Codeforces Round 804 (Div. 2),Jul/04/2022 17:35,1131,3,-74,2007,Candidate Master
53,Codeforces Round 781 (Div. 2),Apr/08/2022 17:35,237,4,-4,2081,Candidate Master
52,Educational Codeforces Round 123 (Rated for Div. 2),Feb/22/2022 17:35,172,5,+27,2085,Candidate Master
51,Codeforces Global Round 19,Feb/12/2022 17:35,594,5,+47,2058,Candidate Master
50,Educational Codeforces Round 122 (Rated for Div. 2),Jan/31/2022 17:35,287,4,+22,2011,Candidate Master
49,Codeforces Round 769 (Div. 2),Jan/30/2022 17:35,1556,3,-81,1989,Candidate Master
48,Codeforces Round 767 (Div. 1),Jan/22/2022 17:35,809,2,-75,2070,Candidate Master
47,Hello 2022,Jan/03/2022 17:35,1304,3,-71,2145,Master
46,Codeforces Round 752 (Div. 1),Oct/30/2021 17:35,772,2,-89,2216,Master
45,Codeforces Round 751 (Div. 1),Oct/25/2021 09:35,205,3,+5,2305,International Master
44,"Codeforces Round 749 (Div. 1 + Div. 2, based on Technocup 2022 Elimination Round 1)",Oct/17/2021 14:05,161,6,+88,2300,International Master
43,Codeforces Round 745 (Div. 1),Sep/30/2021 13:15,353,1,-45,2212,Master
42,Codeforces Round 712 (Div. 1),Apr/03/2021 17:35,464,3,-31,2257,Master
41,Grakn Forces 2020,Sep/30/2020 17:35,372,5,+18,2288,Master
40,Codeforces Round 658 (Div. 1),Jul/21/2020 17:35,78,4,+179,2270,Master
39,Codeforces Round 649 (Div. 2),Jun/13/2020 18:05,244,4,+48,2091,Candidate Master
38,Codeforces Round 628 (Div. 2),Mar/14/2020 17:35,705,4,-35,2043,Candidate Master
37,Educational Codeforces Round 83 (Rated for Div. 2),Mar/09/2020 17:35,120,5,+68,2078,Candidate Master
36,"Codeforces Round 623 (Div. 1, based on VK Cup 2019-2020 - Elimination Round, Engine)",Feb/23/2020 19:05,298,1,+19,2010,Candidate Master
35,Codeforces Round 620 (Div. 2),Feb/15/2020 16:05,264,5,+51,1991,Candidate Master
34,Codeforces Round 613 (Div. 2),Jan/10/2020 17:05,842,3,-37,1940,Candidate Master
33,Educational Codeforces Round 79 (Rated for Div. 2),Dec/27/2019 17:40,352,4,+15,1977,Candidate Master
32,Codeforces Round 609 (Div. 1),Dec/21/2019 14:05,401,1,+4,1962,Candidate Master
31,Educational Codeforces Round 78 (Rated for Div. 2),Dec/19/2019 17:35,453,3,-1,1958,Candidate Master
30,Codeforces Round 604 (Div. 2),Dec/05/2019 17:35,53,5,+119,1959,Candidate Master
29,Codeforces Round 599 (Div. 2),Nov/06/2019 18:05,561,4,-3,1840,Expert
28,Educational Codeforces Round 72 (Rated for Div. 2),Sep/05/2019 17:35,371,3,+80,1843,Expert
27,Educational Codeforces Round 70 (Rated for Div. 2),Aug/07/2019 17:35,649,2,+22,1763,Expert
26,Codeforces Round 577 (Div. 2),Aug/04/2019 19:35,401,3,+75,1741,Expert
25,Codeforces Round 576 (Div. 2),Jul/30/2019 17:35,802,3,+36,1666,Expert
24,Educational Codeforces Round 65 (Rated for Div. 2),May/15/2019 17:35,1122,4,+8,1630,Expert
23,Educational Codeforces Round 55 (Rated for Div. 2),Nov/28/2018 17:35,1251,2,-10,1622,Expert
22,Mail.Ru Cup 2018 Round 3,Nov/25/2018 19:35,1490,2,-56,1632,Expert
21,Codeforces Round 523 (Div. 2),Nov/22/2018 18:45,1420,2,-42,1688,Expert
20,Educational Codeforces Round 54 (Rated for Div. 2),Nov/12/2018 17:35,561,3,+23,1730,Expert
19,Codeforces Round 519 by Botan Investments,Oct/28/2018 18:35,1506,3,-22,1707,Expert
18,Educational Codeforces Round 53 (Rated for Div. 2),Oct/25/2018 17:35,1416,2,-54,1729,Expert
17,"Codeforces Round 518 (Div. 2) [Thanks, Mail.Ru!]",Oct/24/2018 19:35,212,3,+75,1783,Expert
16,Mail.Ru Cup 2018 Round 1,Oct/18/2018 19:35,1387,3,-40,1708,Expert
15,Educational Codeforces Round 52 (Rated for Div. 2),Oct/11/2018 17:50,424,3,+59,1748,Expert
14,Lyft Level 5 Challenge 2018 - Elimination Round,Oct/07/2018 20:05,1083,3,+4,1689,Expert
13,Codeforces Round 514 (Div. 2),Oct/05/2018 17:35,785,3,+30,1685,Expert
12,"Codeforces Round 512 (Div. 2, based on Technocup 2019 Elimination Round 1)",Sep/23/2018 16:05,344,4,+80,1655,Expert
11,Codeforces Round 511 (Div. 2),Sep/21/2018 17:35,1028,2,+14,1575,Specialist
10,Educational Codeforces Round 51 (Rated for Div. 2),Sep/20/2018 17:45,1247,3,+12,1561,Specialist
9,Codeforces Round 510 (Div. 2),Sep/17/2018 11:05,1414,2,-36,1549,Specialist
8,Educational Codeforces Round 36 (Rated for Div. 2),Jan/13/2018 16:05,897,2,+8,1585,Specialist
7,Hello 2018,Jan/08/2018 17:45,1994,2,+10,1577,Specialist
6,Educational Codeforces Round 35 (Rated for Div. 2),Dec/28/2017 17:05,185,4,+170,1567,Specialist
5,Codeforces Round 449 (Div. 2),Dec/02/2017 17:05,1809,2,-2,1397,Pupil
4,Educational Codeforces Round 33 (Rated for Div. 2),Nov/23/2017 18:05,1175,3,+29,1399,Pupil
3,Codeforces Round 447 (Div. 2),Nov/19/2017 16:55,2151,1,-22,1370,Pupil
2,Codeforces Round 442 (Div. 2),Oct/23/2017 18:45,3260,0,-119,1392,Pupil
1,"Codeforces Round 440 (Div. 2, based on Technocup 2018 Elimination Round 2)",Oct/15/2017 11:05,921,3,+11,1511,Specialist
