#,Contest,Start time,Rank,Solved,Rating change,New rating,Title
69,Educational Codeforces Round 144 (Rated for Div. 2),Feb/28/2023 17:35,49,4,+96,2115,Master
68,Educational Codeforces Round 143 (Rated for Div. 2),Feb/16/2023 17:35,373,4,-13,2019,Candidate Master
67,Codeforces Round 852 (Div. 2),Feb/12/2023 11:35,117,5,+81,2032,Candidate Master
66,"Codeforces Round 850 (Div. 1, based on VK Cup 2022 - Final Round)",Feb/05/2023 15:05,651,2,+5,1951,Candidate Master
65,Codeforces Round 848 (Div. 2),Feb/01/2023 17:35,153,4,+87,1946,Candidate Master
64,"Codeforces Round 844 (Div. 1 + Div. 2, based on VK Cup 2022 - Elimination Round)",Jan/15/2023 15:05,1615,3,-43,1859,Expert
63,Educational Codeforces Round 141 (Rated for Div. 2),Jan/08/2023 17:35,2055,2,-93,1902,Candidate Master
62,Codeforces Round 842 (Div. 2),Jan/05/2023 17:35,256,4,+43,1995,Candidate Master
61,Hello 2023,Jan/03/2023 17:35,1059,4,+21,1952,Candidate Master
60,Good Bye 2022: 2023 is NEAR,Dec/30/2022 17:35,1209,4,+33,1931,Candidate Master
59,Codeforces Round 840 (Div. 2) and Enigma 2022 - Cybros LNMIIT,Dec/19/2022 17:35,149,3,+110,1898,Expert
58,"Polynomial Round 2022 (Div. 1 + Div. 2, Rated, Prizes!)",Dec/17/2022 17:35,1050,4,+43,1788,Expert
57,Codeforces Round 838 (Div. 2),Dec/15/2022 17:35,883,3,+19,1745,Expert
56,Codeforces Round 829 (Div. 2),Oct/23/2022 10:50,1697,3,-53,1726,Expert
55,Codeforces Global Round 22,Sep/30/2022 17:35,1578,3,+1,1779,Expert
54,Codeforces Round 812 (Div. 2),Aug/06/2022 17:35,4940,2,-140,1778,Expert
53,Educational Codeforces Round 133 (Rated for Div. 2),Aug/04/2022 17:35,143,4,+129,1918,Candidate Master
52,Codeforces Round 811 (Div. 3),Aug/01/2022 17:35,22,7,+206,1789,Expert
51,Codeforces Round 810 (Div. 2),Jul/24/2022 17:35,1894,3,+2,1583,Specialist
50,Educational Codeforces Round 132 (Rated for Div. 2),Jul/21/2022 17:35,1100,3,+74,1581,Specialist
49,Codeforces Round 809 (Div. 2),Jul/18/2022 17:35,1404,4,+81,1507,Specialist
48,Codeforces Round 808 (Div. 2),Jul/16/2022 17:35,8726,1,-114,1426,Specialist
47,Codeforces Round 791 (Div. 2),May/14/2022 12:35,922,3,+77,1540,Specialist
46,"Codeforces Round 778 (Div. 1 + Div. 2, based on Technocup 2022 Final Round)",Mar/20/2022 14:35,4681,2,-86,1463,Specialist
45,Codeforces Round 777 (Div. 2),Mar/11/2022 17:35,1019,3,+85,1549,Specialist
44,Codeforces Round 729 (Div. 2),Jul/03/2021 16:05,2265,2,+51,1464,Specialist
43,Codeforces Round 727 (Div. 2),Jun/20/2021 13:05,5068,2,-69,1413,Specialist
42,Codeforces Round 723 (Div. 2),May/28/2021 17:05,2599,3,+25,1482,Specialist
41,"Codeforces Round 709 (Div. 2, based on Technocup 2021 Final Round)",Mar/21/2021 16:20,5988,1,-136,1457,Specialist
40,"Codeforces Round 707 (Div. 2, based on Moscow Open Olympiad in Informatics)",Mar/13/2021 12:05,1378,2,+1,1593,Specialist
39,Codeforces Round 706 (Div. 2),Mar/10/2021 15:05,2547,3,-40,1592,Specialist
38,Codeforces Round 705 (Div. 2),Mar/06/2021 17:05,1720,2,+2,1632,Expert
37,Educational Codeforces Round 105 (Rated for Div. 2),Mar/02/2021 17:45,3092,2,-46,1630,Expert
36,Codeforces Round 703 (Div. 2),Feb/18/2021 17:35,3645,2,-64,1676,Expert
35,Educational Codeforces Round 104 (Rated for Div. 2),Feb/15/2021 17:35,457,5,+109,1740,Expert
34,Codeforces Round 701 (Div. 2),Feb/12/2021 17:50,743,3,+115,1631,Expert
33,Codeforces Round 700 (Div. 2),Feb/07/2021 17:35,5210,2,-64,1516,Specialist
32,Educational Codeforces Round 103 (Rated for Div. 2),Jan/29/2021 17:35,578,4,+172,1580,Specialist
31,Good Bye 2020,Dec/30/2020 17:35,4820,3,+15,1408,Specialist
30,Codeforces Raif Round 1 (Div. 1 + Div. 2),Oct/17/2020 16:05,6164,2,-78,1393,Pupil
29,Educational Codeforces Round 96 (Rated for Div. 2),Oct/11/2020 12:05,2343,3,-5,1471,Specialist
28,Grakn Forces 2020,Sep/30/2020 17:35,2977,2,+19,1476,Specialist
27,Codeforces Round 670 (Div. 2),Sep/12/2020 16:45,2278,3,+66,1457,Specialist
26,Codeforces Round 668 (Div. 2),Sep/06/2020 17:35,5988,2,-61,1391,Pupil
25,Codeforces Round 666 (Div. 2),Aug/30/2020 17:35,6334,1,-79,1452,Specialist
24,Educational Codeforces Round 94 (Rated for Div. 2),Aug/25/2020 17:35,2513,2,+33,1531,Specialist
23,Codeforces Round 665 (Div. 2),Aug/21/2020 17:35,1650,3,+94,1498,Specialist
22,Codeforces Round 661 (Div. 3),Aug/05/2020 17:35,1025,4,+111,1404,Specialist
21,Educational Codeforces Round 92 (Rated for Div. 2),Jul/29/2020 17:35,12985,1,-122,1293,Pupil
20,Codeforces Global Round 9,Jul/04/2020 17:45,3565,3,+77,1415,Specialist
19,Codeforces Round 654 (Div. 2),Jul/01/2020 16:35,4992,3,+19,1338,Pupil
18,Codeforces Round 650 (Div. 3),Jun/16/2020 17:35,7669,2,-63,1319,Pupil
17,Educational Codeforces Round 89 (Rated for Div. 2),Jun/11/2020 17:35,6565,2,-40,1382,Pupil
16,Codeforces Round 648 (Div. 2),Jun/07/2020 17:35,3108,3,+77,1422,Specialist
15,"Codeforces Round 647 (Div. 2) - Thanks, Algo Muse!",Jun/04/2020 17:35,8462,1,-76,1345,Pupil
14,Educational Codeforces Round 88 (Rated for Div. 2),May/28/2020 17:35,3819,2,+44,1421,Specialist
13,Codeforces Round 645 (Div. 2),May/26/2020 17:35,12239,1,-117,1377,Pupil
12,Educational Codeforces Round 87 (Rated for Div. 2),May/17/2020 12:20,3408,3,+12,1494,Specialist
11,Codeforces Round 640 (Div. 4),May/09/2020 17:35,727,5,+95,1482,Specialist
10,Educational Codeforces Round 86 (Rated for Div. 2),Apr/26/2020 17:35,4744,2,+53,1387,Pupil
9,"Codeforces Round 637 (Div. 2) - Thanks, Ivan Belonogov!",Apr/23/2020 17:45,5252,2,+54,1334,Pupil
8,Codeforces Round 636 (Div. 3),Apr/21/2020 17:35,9598,2,-45,1280,Pupil
7,Codeforces Round 635 (Div. 2),Apr/15/2020 17:35,5965,2,+25,1325,Pupil
6,Educational Codeforces Round 85 (Rated for Div. 2),Apr/10/2020 17:35,5785,2,+56,1300,Pupil
5,Codeforces Round 627 (Div. 3),Mar/12/2020 16:05,6109,2,-66,1244,Pupil
4,"Codeforces Round 626 (Div. 2, based on Moscow Open Olympiad in Informatics)",Mar/07/2020 12:35,4446,1,-92,1310,Pupil
3,"Ozon Tech Challenge 2020 (Div.1 + Div.2, Rated, T-shirts + prizes!)",Mar/03/2020 17:35,6893,1,-126,1402,Specialist
2,"Codeforces Round 625 (Div. 2, based on Technocup 2020 Final Round)",Mar/01/2020 16:15,788,3,+96,1528,Specialist
1,Educational Codeforces Round 82 (Rated for Div. 2),Feb/12/2020 17:35,5816,1,-68,1432,Specialist
