#,Contest,Start time,Rank,Solved,Rating change,New rating,Title
151,VK Cup 2022 - Отборочный раунд (Engine),Jan/15/2023 15:05,56,5,-44,2529,Grandmaster
150,Codeforces Global Round 16,Sep/12/2021 17:35,123,7,+36,2573,Grandmaster
149,"Deltix Round, Summer 2021 (open for everyone, rated, Div. 1 + Div. 2)",Aug/29/2021 17:35,191,6,+8,2537,Grandmaster
148,"Codeforces Round 631 (Div. 1) - Thanks, Denis aramis Shitov!",Apr/03/2020 17:35,55,3,+117,2529,Grandmaster
147,Codeforces Global Round 7,Mar/19/2020 17:35,150,6,+69,2412,Grandmaster
146,VK Cup 2019-2020 - Elimination Round (Engine),Feb/23/2020 19:05,84,1,-47,2343,International Master
145,Codeforces Round 604 (Div. 1),Dec/05/2019 17:35,139,3,+12,2390,International Master
144,"Codeforces Round 602 (Div. 1, based on Technocup 2020 Elimination Round 3)",Nov/24/2019 11:05,190,5,-48,2378,International Master
143,Codeforces Round 599 (Div. 1),Nov/06/2019 18:05,233,2,-42,2426,Grandmaster
142,Codeforces Global Round 5,Oct/16/2019 17:35,143,6,+28,2468,Grandmaster
141,Codeforces Round 588 (Div. 1),Sep/23/2019 17:05,292,2,-83,2440,Grandmaster
140,"Codeforces Round 583 (Div. 1 + Div. 2, based on Olympiad of Metropolises)",Sep/04/2019 12:05,318,5,-111,2523,Grandmaster
139,"Manthan, Codefest 19 (open for everyone, rated, Div. 1 + Div. 2)",Aug/25/2019 17:35,90,6,-15,2634,International Grandmaster
138,Codeforces Round 580 (Div. 1),Aug/18/2019 16:45,30,4,+59,2649,International Grandmaster
137,Mail.Ru Cup 2018 Round 3,Nov/25/2018 19:35,40,6,+44,2590,Grandmaster
136,Mail.Ru Cup 2018 Round 2,Nov/10/2018 17:35,270,3,-122,2546,Grandmaster
135,Mail.Ru Cup 2018 Round 1,Oct/18/2018 19:35,33,6,+28,2668,International Grandmaster
134,VK Cup 2018 - Final,Aug/12/2018 10:40,10,3,-33,2640,International Grandmaster
133,VK Cup 2018 - Round 3,Apr/29/2018 16:15,5,4,+70,2673,International Grandmaster
132,VK Cup 2018 - Round 2,Mar/24/2018 18:35,2,5,+171,2603,International Grandmaster
131,VK Cup 2018 - Round 1,Mar/10/2018 18:35,16,4,+84,2432,Grandmaster
130,"ICM Technex 2018 and Codeforces Round 463 (Div. 1 + Div. 2, combined)",Feb/15/2018 17:35,193,4,-25,2348,International Master
129,Good Bye 2017,Dec/29/2017 18:40,309,4,-43,2373,International Master
128,MemSQL Start[c]UP 3.0 - Round 1,Sep/16/2017 20:35,42,5,+103,2416,Grandmaster
127,AIM Tech Round 4 (Div. 1),Aug/24/2017 19:35,308,1,-98,2313,International Master
126,"Tinkoff Challenge - Final Round (Codeforces Round 414, rated, Div. 1 + Div. 2)",May/13/2017 12:35,600,3,-182,2411,Grandmaster
125,Tinkoff Challenge - Elimination Round,Apr/23/2017 19:45,92,3,-35,2593,Grandmaster
124,VK Cup 2017 - Round 2,Apr/16/2017 18:35,22,3,+21,2628,International Grandmaster
123,Codeforces Round 407 (Div. 1),Mar/29/2017 19:05,24,3,+76,2607,International Grandmaster
122,Codeforces Round 406 (Div. 1),Mar/23/2017 18:05,19,3,+124,2531,Grandmaster
121,VK Cup 2017 - Round 1,Mar/18/2017 18:35,38,3,-1,2407,Grandmaster
120,"Codeforces Round 403 (Div. 1, based on Technocup 2017 Finals)",Mar/05/2017 16:05,56,4,+57,2408,Grandmaster
119,Codeforces Round 393 (Div. 1) (8VC Venture Cup 2017 - Final Round Div. 1 Edition),Jan/22/2017 21:15,63,3,-3,2351,International Master
118,8VC Venture Cup 2017 - Elimination Round,Jan/15/2017 20:05,535,3,-113,2354,International Master
117,Codeforces Round 385 (Div. 1),Dec/17/2016 19:35,29,3,+96,2467,Grandmaster
116,Codeforces Round 381 (Div. 1),Nov/23/2016 19:35,151,2,-40,2371,International Master
115,"Codeforces Round 380 (Div. 1, Rated, Based on Technocup 2017 - Elimination Round 2)",Nov/20/2016 12:05,65,3,+16,2411,Grandmaster
114,"Intel Code Challenge Elimination Round (Div. 1 + Div. 2, combined)",Oct/01/2016 17:05,367,3,-85,2395,International Master
113,Codeforces Round 372 (Div. 1),Sep/17/2016 16:45,102,2,-28,2480,Grandmaster
112,Codeforces Round 371 (Div. 1),Sep/13/2016 19:35,82,3,-10,2508,Grandmaster
111,AIM Tech Round 3 (Div. 1),Aug/24/2016 19:35,157,2,-73,2518,Grandmaster
110,Codeforces Round 356 (Div. 1),Jun/08/2016 19:35,62,3,-11,2591,Grandmaster
109,Codeforces Round 352 (Div. 1),May/11/2016 19:35,30,2,+41,2602,International Grandmaster
108,VK Cup 2016 - Round 3,May/07/2016 18:05,25,3,+21,2561,Grandmaster
107,VK Cup 2016 - Round 2,Apr/24/2016 19:35,33,5,+26,2540,Grandmaster
106,VK Cup 2016 - Round 1,Mar/28/2016 19:35,56,2,-16,2514,Grandmaster
105,IndiaHacks 2016 - Online Edition (Div. 1 + Div. 2),Mar/19/2016 11:35,40,5,+20,2530,Grandmaster
104,CROC 2016 - Elimination Round,Mar/18/2016 19:35,19,6,+104,2510,Grandmaster
103,Codeforces Round 345 (Div. 1),Mar/07/2016 12:25,80,3,+17,2406,Grandmaster
102,"Manthan, Codefest 16",Feb/26/2016 20:15,79,4,+22,2389,International Master
101,8VC Venture Cup 2016 - Elimination Round,Feb/13/2016 20:35,200,4,-29,2367,International Master
100,AIM Tech Round (Div. 1),Feb/04/2016 20:05,139,1,-24,2396,International Master
99,Wunder Fund Round 2016 (Div. 1 + Div. 2 combined),Jan/29/2016 20:10,230,3,-58,2420,Grandmaster
98,Codeforces Round 327 (Div. 1),Oct/25/2015 12:00,70,3,-28,2478,Grandmaster
97,Codeforces Round 326 (Div. 1),Oct/15/2015 19:30,27,3,+38,2506,Grandmaster
96,Codeforces Round 323 (Div. 1),Oct/03/2015 19:45,15,3,+74,2468,Grandmaster
95,Codeforces Round 320 (Div. 1) [Bayan Thanks-Round],Sep/16/2015 18:15,72,3,+48,2394,International Master
94,Codeforces Round 319 (Div. 1),Sep/10/2015 19:30,77,3,+63,2346,International Master
93,Codeforces Round 318 [RussianCodeCup Thanks-Round] (Div. 1),Aug/29/2015 19:30,163,2,+10,2283,Master
92,Codeforces Round 317 [AimFund Thanks-Round] (Div. 1),Aug/22/2015 19:30,175,1,-51,2273,Master
91,Codeforces Round 315 (Div. 1),Aug/10/2015 19:30,124,2,-20,2324,International Master
90,"VK Cup 2015 - Finals, online mirror",Jul/30/2015 19:20,64,3,-10,2344,International Master
89,Codeforces Round 313 (Div. 1),Jul/22/2015 17:00,388,2,-120,2354,International Master
88,Codeforces Round 309 (Div. 1),Jun/24/2015 19:30,59,4,+7,2474,Grandmaster
87,Looksery Cup 2015,Jun/06/2015 16:00,112,5,+28,2467,Grandmaster
86,Codeforces Round 305 (Div. 1),May/26/2015 19:35,46,3,+69,2439,Grandmaster
85,Codeforces Round 302 (Div. 1),May/07/2015 19:30,90,2,+12,2370,International Master
84,VK Cup 2015 - Раунд 3,May/03/2015 19:00,32,3,+35,2358,International Master
83,Codeforces Round 300,Apr/26/2015 19:00,141,5,+37,2323,International Master
82,VK Cup 2015 - Round 2,Apr/17/2015 19:00,30,4,+104,2286,Master
81,Codeforces Round 299 (Div. 1),Apr/14/2015 19:35,566,0,-110,2182,Master
80,ZeptoLab Code Rush 2015,Apr/04/2015 19:35,299,3,-71,2292,Master
79,VK Cup 2015 - Round 1,Mar/21/2015 17:00,60,4,+44,2363,International Master
78,Codeforces Round 296 (Div. 1),Mar/17/2015 19:45,68,3,+99,2319,International Master
77,Codeforces Round 292 (Div. 1),Feb/17/2015 19:35,279,1,-83,2220,Master
76,Rockethon 2015,Feb/07/2015 20:00,314,5,-67,2303,International Master
75,Codeforces Round 290 (Div. 1),Feb/02/2015 19:30,57,2,+96,2370,International Master
74,Codeforces Round 286 (Div. 1),Jan/18/2015 16:00,100,2,+38,2274,Master
73,Good Bye 2014,Dec/30/2014 18:00,203,3,+45,2236,Master
72,Codeforces Round 284 (Div. 1),Dec/24/2014 19:30,173,2,-35,2191,Master
71,Codeforces Round 282 (Div. 1),Dec/13/2014 19:30,155,2,-2,2226,Master
70,Codeforces Round 270,Sep/28/2014 19:35,187,4,-26,2228,Master
69,Codeforces Round 263 (Div. 1),Aug/26/2014 18:00,112,3,+39,2254,Master
68,MemSQL Start[c]UP 2.0 - Round 2 - Online Round,Aug/10/2014 21:00,138,2,-16,2215,Master
67,Codeforces Round 260 (Div. 1),Aug/08/2014 19:30,50,3,+141,2231,Master
66,Codeforces Round 259 (Div. 1),Aug/01/2014 19:30,324,2,-84,2090,Candidate Master
65,MemSQL Start[c]UP 2.0 - Round 1,Jul/27/2014 21:00,302,2,-80,2174,Master
64,Codeforces Round 257 (Div. 1),Jul/19/2014 17:00,44,2,+93,2254,Master
63,Codeforces Round #FF (Div. 1),Jul/13/2014 17:00,99,2,+70,2161,Master
62,Codeforces Round 254 (Div. 1),Jul/06/2014 17:05,96,2,+52,2091,Candidate Master
61,Codeforces Round 253 (Div. 1),Jun/19/2014 19:30,69,2,+123,2039,Candidate Master
60,Zepto Code Rush 2014,Jun/13/2014 19:30,555,2,-67,1916,Candidate Master
59,Codeforces Round 250 (Div. 1),Jun/01/2014 17:00,274,2,-45,1983,Candidate Master
58,Codeforces Round 245 (Div. 1),May/11/2014 19:40,163,2,+75,2028,Candidate Master
57,Codeforces Round 238 (Div. 1),Mar/22/2014 19:30,200,2,+39,1953,Candidate Master
56,Codeforces Round 236 (Div. 1),Mar/16/2014 19:30,246,2,+7,1914,Candidate Master
55,Codeforces Round 228 (Div. 1),Feb/03/2014 19:40,364,2,-31,1907,Candidate Master
54,Codeforces Round 225 (Div. 1),Jan/20/2014 19:30,302,2,-51,1938,Candidate Master
53,Codeforces Round 223 (Div. 1),Jan/12/2014 19:30,193,2,+34,1989,Candidate Master
52,Good Bye 2013,Dec/30/2013 19:30,282,3,+139,1955,Candidate Master
51,Codeforces Round 222 (Div. 1),Dec/29/2013 19:30,259,2,+66,1816,Expert
50,Codeforces Round 221 (Div. 1),Dec/24/2013 18:00,447,0,-73,1750,Expert
49,Codeforces Round 219 (Div. 1),Dec/13/2013 18:00,391,1,-49,1823,Expert
48,Codeforces Round 215 (Div. 1),Nov/26/2013 19:30,277,2,+16,1872,Expert
47,Codeforces Round 213 (Div. 1),Nov/19/2013 19:30,330,1,-52,1856,Expert
46,Codeforces Round 210 (Div. 1),Nov/10/2013 21:00,200,1,-42,1908,Candidate Master
45,Codeforces Round 206 (Div. 1),Oct/13/2013 19:30,239,1,-7,1950,Candidate Master
44,Codeforces Round 204 (Div. 1),Oct/04/2013 19:30,286,1,-61,1957,Candidate Master
43,Codeforces Round 202 (Div. 1),Sep/27/2013 19:30,112,2,+79,2018,Candidate Master
42,Codeforces Round 201 (Div. 1),Sep/20/2013 19:30,186,1,+50,1939,Candidate Master
41,Codeforces Round 198 (Div. 1),Aug/30/2013 19:30,337,2,-63,1889,Expert
40,Codeforces Round 194 (Div. 1),Jul/27/2013 12:30,181,2,+39,1952,Candidate Master
39,Codeforces Round 190 (Div. 1),Jun/28/2013 19:30,357,1,-74,1913,Candidate Master
38,Codeforces Round 189 (Div. 1),Jun/23/2013 17:00,291,1,-70,1987,Candidate Master
37,Codeforces Round 188 (Div. 1),Jun/14/2013 19:30,83,1,+124,2057,Candidate Master
36,ABBYY Cup 3.0,Jun/12/2013 17:00,294,6,+8,1933,Candidate Master
35,Codeforces Round 187 (Div. 1),Jun/07/2013 19:30,285,1,-57,1925,Candidate Master
34,Codeforces Round 183 (Div. 1),May/12/2013 17:00,56,2,+120,1982,Candidate Master
33,Codeforces Round 180 (Div. 1),Apr/19/2013 19:30,337,1,-53,1862,Expert
32,Codeforces Round 177 (Div. 1),Apr/02/2013 19:30,111,3,+145,1915,Candidate Master
31,Codeforces Round 170 (Div. 2),Feb/28/2013 19:30,12,3,+106,1770,Expert
30,Codeforces Round 160 (Div. 1),Jan/13/2013 19:30,367,1,-49,1664,Expert
29,Codeforces Round 157 (Div. 1),Dec/22/2012 19:30,299,1,+11,1713,Expert
28,Codeforces Round 155 (Div. 2),Dec/09/2012 14:00,106,3,+15,1702,Expert
27,Codeforces Round 153 (Div. 1),Dec/06/2012 19:30,320,1,-24,1687,Expert
26,"CROC-MBTU 2012, Final Round (Online version, Div. 2)",Nov/26/2012 18:00,48,3,+47,1711,Expert
25,Codeforces Round 151 (Div. 2),Nov/21/2012 19:30,194,3,-32,1664,Expert
24,"CROC-MBTU 2012, Elimination Round (ACM-ICPC)",Nov/19/2012 19:30,60,5,+87,1696,Expert
23,Codeforces Round 150 (Div. 2),Nov/16/2012 19:30,292,2,-23,1609,Expert
22,Codeforces Round 149 (Div. 2),Nov/11/2012 19:30,292,2,-51,1632,Expert
21,"Bayan 2012-2013 Elimination Round (ACM ICPC Rules, English statements)",Nov/01/2012 19:30,435,1,-60,1683,Expert
20,Codeforces Round 146 (Div. 2),Oct/21/2012 11:10,45,3,+66,1743,Expert
19,Codeforces Round 144 (Div. 1),Oct/11/2012 19:30,302,0,-54,1677,Expert
18,Codeforces Round 141 (Div. 2),Sep/27/2012 19:30,82,3,+55,1731,Expert
17,Codeforces Round 139 (Div. 2),Sep/19/2012 19:45,158,3,+28,1676,Expert
16,Codeforces Round 138 (Div. 1),Sep/16/2012 19:30,333,0,-53,1648,Expert
15,Codeforces Round 137 (Div. 2),Sep/10/2012 19:45,116,3,+57,1701,Expert
14,Codeforces Round 136 (Div. 2),Aug/31/2012 19:30,94,3,+150,1644,Expert
13,Codeforces Round 132 (Div. 2),Aug/06/2012 19:30,628,2,-64,1494,Specialist
12,Codeforces Round 128 (Div. 2),Jul/03/2012 19:30,496,2,-69,1558,Specialist
11,Codeforces Round 127 (Div. 2),Jun/29/2012 19:30,82,2,+112,1627,Expert
10,Codeforces Round 126 (Div. 2),Jun/24/2012 19:30,319,1,+21,1515,Specialist
9,ABBYY Cup 2.0 - Easy,Apr/21/2012 18:00,550,4,-84,1494,Specialist
8,Codeforces Round 113 (Div. 2),Mar/23/2012 19:30,119,3,+153,1578,Specialist
7,Codeforces Round 110 (Div. 2),Feb/29/2012 21:30,665,2,-51,1425,Specialist
6,Codeforces Round 109 (Div. 2),Feb/24/2012 19:00,756,2,-66,1476,Specialist
5,Codeforces Round 107 (Div. 2),Feb/17/2012 19:00,235,3,+153,1542,Specialist
4,Codeforces Round 101 (Div. 2),Jan/08/2012 19:00,863,1,-58,1389,Pupil
3,Codeforces Beta Round 87 (Div. 2 Only),Sep/15/2011 19:00,586,2,-46,1447,Specialist
2,Codeforces Beta Round 86 (Div. 2 Only),Sep/08/2011 19:00,606,1,-64,1493,Specialist
1,Codeforces Beta Round 84 (Div. 2 Only),Aug/29/2011 20:00,235,3,+57,1557,Specialist
