#,Contest,Start time,Rank,Solved,Rating change,New rating,Title
114,Codeforces Round 854 by cybercats (Div. 1 + Div. 2),Feb/27/2023 17:35,512,5,+13,2115,Master
113,Educational Codeforces Round 143 (Rated for Div. 2),Feb/16/2023 17:35,36,5,+125,2102,Master
112,Codeforces Round 852 (Div. 2),Feb/12/2023 11:35,27,5,+221,1977,Candidate Master
111,Educational Codeforces Round 141 (Rated for Div. 2),Jan/08/2023 17:35,528,4,+74,1756,Expert
110,Codeforces Round 840 (Div. 2) and Enigma 2022 - Cybros LNMIIT,Dec/19/2022 17:35,3355,2,-103,1682,Expert
109,Codeforces Round 836 (Div. 2),Nov/25/2022 18:35,2052,3,-80,1785,Expert
108,Pinely Round 1 (Div. 1 + Div. 2),Nov/20/2022 17:35,2995,2,-140,1865,Expert
107,"CodeTON Round 3 (Div. 1 + Div. 2, Rated, Prizes!)",Nov/06/2022 17:35,874,4,-3,2005,Candidate Master
106,Codeforces Round 830 (Div. 2),Oct/23/2022 13:05,900,3,-81,2008,Candidate Master
105,Codeforces Round 829 (Div. 1),Oct/23/2022 10:50,358,4,+70,2089,Candidate Master
104,Codeforces Round 824 (Div. 2),Oct/02/2022 17:35,218,4,+30,2019,Candidate Master
103,Codeforces Round 823 (Div. 2),Sep/25/2022 17:35,439,3,-9,1989,Candidate Master
102,Educational Codeforces Round 134 (Rated for Div. 2),Aug/27/2022 17:35,463,4,-15,1998,Candidate Master
101,Codeforces Round 816 (Div. 2),Aug/20/2022 17:35,449,4,-9,2013,Candidate Master
100,Codeforces Round 813 (Div. 2),Aug/13/2022 17:35,131,4,+96,2022,Candidate Master
99,Educational Codeforces Round 131 (Rated for Div. 2),Jul/08/2022 17:35,4338,3,-161,1926,Candidate Master
98,Codeforces Global Round 21,Jun/25/2022 17:35,762,5,+7,2087,Candidate Master
97,Codeforces Round 801 (Div. 2) and EPIC Institute of Technology Round,Jun/18/2022 17:35,267,3,+1,2080,Candidate Master
96,Educational Codeforces Round 130 (Rated for Div. 2),Jun/12/2022 17:35,85,4,+73,2079,Candidate Master
95,CodeCraft-22 and Codeforces Round 795 (Div. 2),May/31/2022 17:35,105,5,+89,2006,Candidate Master
94,Codeforces Round 791 (Div. 2),May/14/2022 12:35,176,4,+82,1917,Candidate Master
93,Educational Codeforces Round 128 (Rated for Div. 2),May/13/2022 17:35,480,4,+38,1835,Expert
92,Codeforces Round 789 (Div. 2),May/08/2022 17:35,722,3,-8,1797,Expert
91,Codeforces Round 785 (Div. 2),Apr/30/2022 17:35,574,4,+31,1805,Expert
90,Codeforces Global Round 20,Apr/23/2022 17:05,1718,4,-22,1774,Expert
89,Codeforces Round 782 (Div. 2),Apr/17/2022 17:35,86,4,+206,1796,Expert
88,Educational Codeforces Round 126 (Rated for Div. 2),Apr/09/2022 17:35,3384,2,-72,1590,Specialist
87,Codeforces Round 781 (Div. 2),Apr/08/2022 17:35,714,3,+61,1662,Expert
86,"Codeforces Round 778 (Div. 1 + Div. 2, based on Technocup 2022 Final Round)",Mar/20/2022 14:35,3833,2,-93,1601,Expert
85,"Codeforces Round 775 (Div. 2, based on Moscow Open Olympiad in Informatics)",Mar/06/2022 12:55,411,3,+72,1694,Expert
84,Codeforces Round 773 (Div. 2),Feb/23/2022 13:10,2249,3,-56,1622,Expert
83,Codeforces Round 772 (Div. 2),Feb/20/2022 17:35,1073,3,+23,1678,Expert
82,Codeforces Round 771 (Div. 2),Feb/14/2022 17:35,4059,2,-88,1655,Expert
81,Codeforces Global Round 19,Feb/12/2022 17:35,2122,3,-11,1743,Expert
80,Codeforces Round 770 (Div. 2),Feb/06/2022 17:35,1182,4,+12,1754,Expert
79,Codeforces Round 768 (Div. 2),Jan/27/2022 17:35,865,3,+26,1742,Expert
78,Codeforces Round 766 (Div. 2),Jan/15/2022 17:35,1043,3,+22,1716,Expert
77,Codeforces Round 765 (Div. 2),Jan/12/2022 15:05,2129,2,-52,1694,Expert
76,Hello 2022,Jan/03/2022 17:35,1783,3,+20,1746,Expert
75,Good Bye 2021: 2022 is NEAR,Dec/29/2021 18:35,1225,4,+82,1726,Expert
74,Codeforces Round 763 (Div. 2),Dec/28/2021 16:35,2391,2,-52,1644,Expert
73,Educational Codeforces Round 120 (Rated for Div. 2),Dec/27/2021 17:35,2685,2,-62,1696,Expert
72,Codeforces Global Round 18,Dec/24/2021 17:35,2752,2,-62,1758,Expert
71,Educational Codeforces Round 119 (Rated for Div. 2),Dec/18/2021 18:35,340,4,+67,1820,Expert
70,Codeforces Round 761 (Div. 2),Dec/16/2021 16:35,267,5,+119,1753,Expert
69,Codeforces Round 758 (Div.1 + Div. 2),Dec/11/2021 13:05,3402,2,-84,1634,Expert
68,"Deltix Round, Autumn 2021 (open for everyone, rated, Div. 1 + Div. 2)",Nov/28/2021 17:35,1345,4,+25,1718,Expert
67,Codeforces Round 757 (Div. 2),Nov/26/2021 14:15,538,3,+82,1693,Expert
66,Codeforces Global Round 17,Nov/23/2021 17:35,2274,3,-8,1611,Expert
65,Educational Codeforces Round 117 (Rated for Div. 2),Nov/22/2021 12:35,516,4,+84,1619,Expert
64,"Codeforces Round 755 (Div. 2, based on Technocup 2022 Elimination Round 2)",Nov/14/2021 09:05,3130,3,-118,1535,Specialist
63,Codeforces Round 752 (Div. 2),Oct/30/2021 17:35,3404,3,-94,1653,Expert
62,Codeforces Round 751 (Div. 2),Oct/25/2021 09:35,381,3,+32,1747,Expert
61,Codeforces Round 750 (Div. 2),Oct/24/2021 13:05,1084,4,-2,1715,Expert
60,"Codeforces Round 749 (Div. 1 + Div. 2, based on Technocup 2022 Elimination Round 1)",Oct/17/2021 14:05,1368,3,+28,1717,Expert
59,Educational Codeforces Round 115 (Rated for Div. 2),Oct/10/2021 12:05,1329,3,-23,1689,Expert
58,Codeforces Round 746 (Div. 2),Oct/03/2021 17:35,318,3,+140,1712,Expert
57,Codeforces Round 745 (Div. 2),Sep/30/2021 13:15,780,2,+59,1572,Specialist
56,Codeforces Global Round 16,Sep/12/2021 17:35,2417,5,+40,1513,Specialist
55,Codeforces Round 742 (Div. 2),Sep/05/2021 17:35,879,3,+149,1473,Specialist
54,"Deltix Round, Summer 2021 (open for everyone, rated, Div. 1 + Div. 2)",Aug/29/2021 17:35,4374,2,+7,1324,Pupil
53,Codeforces Round 738 (Div. 2),Aug/15/2021 17:35,4009,3,+31,1317,Pupil
52,Codeforces Round 737 (Div. 2),Aug/09/2021 17:35,7111,2,-41,1286,Pupil
51,Codeforces Round 736 (Div. 2),Aug/01/2021 17:35,4761,2,-10,1327,Pupil
50,Educational Codeforces Round 112 (Rated for Div. 2),Jul/30/2021 17:35,5039,2,-13,1337,Pupil
49,Codeforces Round 735 (Div. 2),Jul/29/2021 17:35,3216,1,+45,1350,Pupil
48,Codeforces Round 734 (Div. 3),Jul/23/2021 17:35,5418,2,-39,1305,Pupil
47,"Harbour.Space Scholarship Contest 2021-2022 (open for everyone, rated, Div. 1 + Div. 2)",Jul/22/2021 17:35,7747,1,-83,1344,Pupil
46,"Codeforces Round 733 (Div. 1 + Div. 2, based on VK Cup 2021 - Elimination (Engine))",Jul/17/2021 17:35,1987,4,+106,1427,Specialist
45,Codeforces Round 732 (Div. 2),Jul/11/2021 17:05,7241,1,-86,1321,Pupil
44,Codeforces Round 728 (Div. 2),Jun/25/2021 18:35,5988,2,-68,1407,Specialist
43,Codeforces Round 727 (Div. 2),Jun/20/2021 13:05,3871,3,-51,1475,Specialist
42,Codeforces Round 726 (Div. 2),Jun/18/2021 17:35,7507,3,-99,1526,Specialist
41,Codeforces Round 724 (Div. 2),Jun/06/2021 17:35,2895,2,-48,1625,Expert
40,Educational Codeforces Round 110 (Rated for Div. 2),Jun/04/2021 17:35,982,4,+57,1673,Expert
39,"Deltix Round, Spring 2021 (open for everyone, rated, Div. 1 + Div. 2)",May/30/2021 17:35,1758,3,+55,1616,Expert
38,Codeforces Round 723 (Div. 2),May/28/2021 17:05,2992,4,-18,1561,Specialist
37,Codeforces Round 722 (Div. 2),May/24/2021 17:35,487,4,+141,1579,Specialist
36,Codeforces Round 721 (Div. 2),May/20/2021 17:35,2579,3,+50,1438,Specialist
35,Educational Codeforces Round 109 (Rated for Div. 2),May/16/2021 11:00,3479,2,-14,1388,Pupil
34,Codeforces Round 720 (Div. 2),May/07/2021 17:35,3206,2,+40,1402,Specialist
33,Codeforces Round 719 (Div. 3),May/05/2021 17:35,1934,5,+55,1362,Pupil
32,Contest 2050 and Codeforces Round 718 (Div. 1 + Div. 2),Apr/23/2021 17:35,4585,2,+18,1307,Pupil
31,Codeforces Round 717 (Div. 2),Apr/21/2021 16:35,7896,1,-81,1289,Pupil
30,Codeforces Round 716 (Div. 2),Apr/19/2021 16:35,1978,3,+79,1370,Pupil
29,Educational Codeforces Round 107 (Rated for Div. 2),Apr/12/2021 17:35,4436,3,+3,1291,Pupil
28,Codeforces Round 713 (Div. 3),Apr/10/2021 17:35,3306,4,+8,1288,Pupil
27,CodeCraft-21 and Codeforces Round 711 (Div. 2),Mar/29/2021 17:35,4022,2,+5,1280,Pupil
26,"Codeforces Round 709 (Div. 2, based on Technocup 2021 Final Round)",Mar/21/2021 16:20,2729,2,+34,1275,Pupil
25,"Codeforces Round 707 (Div. 2, based on Moscow Open Olympiad in Informatics)",Mar/13/2021 12:05,4714,1,-58,1241,Pupil
24,Codeforces Round 703 (Div. 2),Feb/18/2021 17:35,6127,1,-19,1299,Pupil
23,Educational Codeforces Round 104 (Rated for Div. 2),Feb/15/2021 17:35,3339,3,+55,1318,Pupil
22,Codeforces Round 700 (Div. 2),Feb/07/2021 17:35,4401,2,+41,1263,Pupil
21,Educational Codeforces Round 103 (Rated for Div. 2),Jan/29/2021 17:35,10423,0,-129,1222,Pupil
20,Codeforces Round 698 (Div. 2),Jan/28/2021 17:35,5947,2,-34,1351,Pupil
19,"Codeforces Round 687 (Div. 2, based on Technocup 2021 Elimination Round 2)",Nov/29/2020 10:05,1405,3,+61,1385,Pupil
18,Codeforces Round 678 (Div. 2),Oct/24/2020 17:05,2098,3,+100,1324,Pupil
17,Codeforces Global Round 11,Oct/10/2020 17:50,5000,1,+5,1224,Pupil
16,Codeforces Round 675 (Div. 2),Oct/04/2020 19:05,4492,1,-9,1219,Pupil
15,Codeforces Round 673 (Div. 2),Sep/27/2020 18:05,3922,2,-2,1228,Pupil
14,Codeforces Round 668 (Div. 2),Sep/06/2020 17:35,4855,2,+26,1230,Pupil
13,Codeforces Round 666 (Div. 2),Aug/30/2020 17:35,6869,1,-19,1204,Pupil
12,Codeforces Round 665 (Div. 2),Aug/21/2020 17:35,3359,3,+122,1223,Pupil
11,Codeforces Global Round 10,Aug/16/2020 17:35,9502,1,-74,1101,Newbie
10,Educational Codeforces Round 93 (Rated for Div. 2),Aug/14/2020 17:35,5841,2,+47,1175,Newbie
9,Codeforces Round 664 (Div. 2),Aug/12/2020 17:35,9896,0,-115,1128,Newbie
8,Codeforces Round 662 (Div. 2),Aug/07/2020 17:35,6357,1,+4,1243,Pupil
7,Codeforces Round 661 (Div. 3),Aug/05/2020 17:35,7342,3,-33,1239,Pupil
6,Codeforces Round 660 (Div. 2),Jul/30/2020 17:35,7021,2,+33,1272,Pupil
5,Educational Codeforces Round 92 (Rated for Div. 2),Jul/29/2020 17:35,3431,2,+219,1239,Pupil
4,Codeforces Round 658 (Div. 2),Jul/21/2020 17:35,8317,2,+138,1020,Newbie
3,Codeforces Round 656 (Div. 3),Jul/17/2020 17:35,6131,3,+252,882,Newbie
2,Codeforces Round 654 (Div. 2),Jul/01/2020 16:35,12597,1,+243,630,Newbie
1,Codeforces Round 653 (Div. 3),Jun/28/2020 17:35,12177,1,+387,387,Newbie
