#,Contest,Start time,Rank,Solved,Rating change,New rating,Title
72,"Codeforces Round 844 (Div. 1 + Div. 2, based on VK Cup 2022 - Elimination Round)",Jan/15/2023 15:05,346,5,-28,2415,Grandmaster
71,Hello 2023,Jan/03/2023 17:35,228,6,+29,2443,Grandmaster
70,Codeforces Round 796 (Div. 1),Jun/03/2022 17:35,153,3,+30,2414,Grandmaster
69,Codeforces Global Round 17,Nov/23/2021 17:35,347,5,-22,2384,International Master
68,Codeforces Round 736 (Div. 1),Aug/01/2021 17:35,257,3,+8,2406,Grandmaster
67,Codeforces Global Round 15,Jul/25/2021 17:35,186,6,+58,2398,International Master
66,"Harbour.Space Scholarship Contest 2021-2022 (open for everyone, rated, Div. 1 + Div. 2)",Jul/22/2021 17:35,278,5,+16,2340,International Master
65,Codeforces Round 728 (Div. 1),Jun/25/2021 18:35,321,2,-38,2324,International Master
64,Codeforces LATOKEN Round 1 (Div. 1 + Div. 2),Jun/13/2021 18:35,883,4,-120,2362,International Master
63,Codeforces Global Round 14,May/02/2021 17:35,512,5,-72,2482,Grandmaster
62,Codeforces Round 715 (Div. 1),Apr/16/2021 17:35,235,2,-61,2554,Grandmaster
61,"Codeforces Round 707 (Div. 1, based on Moscow Open Olympiad in Informatics)",Mar/13/2021 12:05,55,3,+56,2615,International Grandmaster
60,Codeforces Round 706 (Div. 1),Mar/10/2021 15:05,39,4,+141,2559,Grandmaster
59,Codeforces Global Round 13,Feb/28/2021 16:35,266,5,+27,2418,Grandmaster
58,Codeforces Round 700 (Div. 1),Feb/07/2021 17:35,652,2,-98,2391,International Master
57,Codeforces Round 694 (Div. 1),Jan/05/2021 17:35,284,3,-52,2489,Grandmaster
56,Good Bye 2020,Dec/30/2020 17:35,162,7,+35,2541,Grandmaster
55,"Codeforces Round 692 (Div. 1, based on Technocup 2021 Elimination Round 3)",Dec/20/2020 18:05,454,2,-127,2506,Grandmaster
54,Codeforces Round 691 (Div. 1),Dec/19/2020 12:35,70,3,+27,2633,International Grandmaster
53,Codeforces Global Round 12,Dec/06/2020 17:35,40,8,+128,2606,International Grandmaster
52,"Codeforces Round 687 (Div. 1, based on Technocup 2021 Elimination Round 2)",Nov/29/2020 10:05,173,3,-9,2478,Grandmaster
51,Codeforces Round 684 (Div. 1),Nov/17/2020 17:35,134,3,+27,2487,Grandmaster
50,"Codeforces Round 683 (Div. 1, by Meet IT)",Nov/15/2020 17:35,104,4,+62,2460,Grandmaster
49,Codeforces Raif Round 1 (Div. 1 + Div. 2),Oct/17/2020 16:05,234,6,+28,2398,International Master
48,Codeforces Global Round 11,Oct/10/2020 17:50,496,4,-30,2370,International Master
47,Codeforces Round 673 (Div. 1),Sep/27/2020 18:05,364,3,-54,2400,Grandmaster
46,Codeforces Round 668 (Div. 1),Sep/06/2020 17:35,185,3,+5,2454,Grandmaster
45,Codeforces Global Round 10,Aug/16/2020 17:35,38,7,+170,2449,Grandmaster
44,Codeforces Round 664 (Div. 1),Aug/12/2020 17:35,362,2,0,2279,Master
43,Codeforces Global Round 9,Jul/04/2020 17:45,194,5,+114,2279,Master
42,Codeforces Global Round 8,Jun/18/2020 17:45,667,4,+17,2165,Master
41,"Codeforces Round 647 (Div. 1) - Thanks, Algo Muse!",Jun/04/2020 17:35,417,2,+24,2148,Master
40,Codeforces Round 641 (Div. 1),May/12/2020 15:35,909,2,-65,2124,Master
39,Codeforces Round 633 (Div. 1),Apr/12/2020 17:05,646,3,-33,2189,Master
38,"Codeforces Round 626 (Div. 1, based on Moscow Open Olympiad in Informatics)",Mar/07/2020 12:35,291,2,+5,2222,Master
37,"Ozon Tech Challenge 2020 (Div.1 + Div.2, Rated, T-shirts + prizes!)",Mar/03/2020 17:35,409,5,+23,2217,Master
36,"Codeforces Round 625 (Div. 1, based on Technocup 2020 Final Round)",Mar/01/2020 16:15,376,3,-3,2194,Master
35,Codeforces Round 618 (Div. 1),Feb/09/2020 17:05,243,3,+57,2197,Master
34,Codeforces Round 616 (Div. 1),Feb/02/2020 17:05,354,2,+9,2140,Master
33,Codeforces Round 601 (Div. 1),Nov/19/2019 17:35,386,3,-29,2131,Master
32,Codeforces Round 600 (Div. 2),Nov/16/2019 17:35,67,5,+68,2160,Master
31,Educational Codeforces Round 76 (Rated for Div. 2),Nov/13/2019 17:35,22,6,+169,2092,Candidate Master
30,"Codeforces Round 583 (Div. 1 + Div. 2, based on Olympiad of Metropolises)",Sep/04/2019 12:05,3035,1,-185,1923,Candidate Master
29,Codeforces Round 580 (Div. 1),Aug/18/2019 16:45,137,3,+132,2108,Master
28,Codeforces Round 275 (Div. 1),Oct/24/2014 21:00,127,2,+165,1976,Candidate Master
27,Codeforces Round 272 (Div. 1),Oct/12/2014 18:00,488,1,+6,1811,Expert
26,Codeforces Round 265 (Div. 1),Sep/07/2014 19:30,614,1,-75,1805,Expert
25,Codeforces Round 263 (Div. 1),Aug/26/2014 18:00,474,1,-54,1880,Expert
24,Codeforces Round 260 (Div. 1),Aug/08/2014 19:30,443,2,-65,1934,Candidate Master
23,Codeforces Round 243 (Div. 1),Apr/27/2014 19:30,142,2,+79,1999,Candidate Master
22,Codeforces Round 240 (Div. 1),Apr/06/2014 19:40,250,3,+68,1920,Candidate Master
21,Codeforces Round 238 (Div. 1),Mar/22/2014 19:30,273,2,+24,1852,Expert
20,Codeforces Round 236 (Div. 1),Mar/16/2014 19:30,217,2,+87,1828,Expert
19,Codeforces Round 235 (Div. 2),Mar/10/2014 19:30,39,4,+122,1741,Expert
18,Codeforces Round 234 (Div. 2),Mar/05/2014 19:30,489,3,-73,1619,Expert
17,Codeforces Round 225 (Div. 1),Jan/20/2014 19:30,578,1,-65,1692,Expert
16,Codeforces Round 222 (Div. 1),Dec/29/2013 19:30,409,1,-41,1757,Expert
15,Codeforces Round 219 (Div. 1),Dec/13/2013 18:00,403,1,-45,1798,Expert
14,Codeforces Round 207 (Div. 1),Oct/15/2013 16:00,189,2,+100,1843,Expert
13,Codeforces Round 206 (Div. 2),Oct/13/2013 19:30,68,3,+51,1743,Expert
12,Codeforces Round 204 (Div. 1),Oct/04/2013 19:30,456,0,-66,1692,Expert
11,Codeforces Round 202 (Div. 1),Sep/27/2013 19:30,415,1,-60,1758,Expert
10,Codeforces Round 201 (Div. 1),Sep/20/2013 19:30,292,1,+12,1818,Expert
9,Codeforces Round 200 (Div. 1),Sep/14/2013 19:30,268,3,+50,1806,Expert
8,Codeforces Round 196 (Div. 2),Aug/16/2013 20:00,46,3,+66,1756,Expert
7,Codeforces Round 195 (Div. 2),Aug/09/2013 19:30,69,3,+150,1690,Expert
6,Codeforces Round 194 (Div. 2),Jul/27/2013 12:30,1053,1,-90,1540,Specialist
5,Codeforces Round 193 (Div. 2),Jul/24/2013 19:30,417,2,-62,1630,Expert
4,Codeforces Round 192 (Div. 1),Jul/20/2013 17:30,447,1,-54,1692,Expert
3,Codeforces Round 190 (Div. 2),Jun/28/2013 19:30,51,3,+67,1746,Expert
2,Codeforces Round 188 (Div. 1),Jun/14/2013 19:30,432,1,-27,1679,Expert
1,Codeforces Round 187 (Div. 2),Jun/07/2013 19:30,50,3,+206,1706,Expert
