#,Contest,Start time,Rank,Solved,Rating change,New rating,Title
67,Educational Codeforces Round 143 (Rated for Div. 2),Feb/16/2023 17:35,19,6,+154,2150,Master
66,"Codeforces Round 850 (Div. 1, based on VK Cup 2022 - Final Round)",Feb/05/2023 15:05,812,1,-69,1996,Candidate Master
65,"TypeDB Forces 2023 (Div. 1 + Div. 2, Rated, Prizes!)",Jan/29/2023 17:35,2628,2,-162,2065,Candidate Master
64,Good Bye 2022: 2023 is NEAR,Dec/30/2022 17:35,1125,4,-56,2227,Master
63,Codeforces Round 831 (Div. 1 + Div. 2),Oct/29/2022 12:10,101,5,+106,2283,Master
62,Educational Codeforces Round 137 (Rated for Div. 2),Oct/17/2022 17:35,26,5,+123,2177,Master
61,Codeforces Global Round 23,Oct/15/2022 17:35,2494,3,-138,2054,Candidate Master
60,Dytechlab Cup 2022,Oct/07/2022 17:35,413,4,+22,2192,Master
59,Codeforces Global Round 22,Sep/30/2022 17:35,513,4,+18,2170,Master
58,"CodeTON Round 2 (Div. 1 + Div. 2, Rated, Prizes!)",Jul/31/2022 17:05,634,4,+10,2152,Master
57,Codeforces Round 808 (Div. 1),Jul/16/2022 17:35,462,2,-12,2142,Master
56,Educational Codeforces Round 119 (Rated for Div. 2),Dec/18/2021 18:35,26,5,+124,2154,Master
55,Codeforces Round 747 (Div. 2),Oct/08/2021 18:05,189,5,+36,2030,Candidate Master
54,Codeforces Round 737 (Div. 2),Aug/09/2021 17:35,270,4,+52,1994,Candidate Master
53,Educational Codeforces Round 112 (Rated for Div. 2),Jul/30/2021 17:35,710,4,-8,1942,Candidate Master
52,Codeforces Round 735 (Div. 2),Jul/29/2021 17:35,409,4,+31,1950,Candidate Master
51,Codeforces Global Round 15,Jul/25/2021 17:35,926,4,+42,1919,Candidate Master
50,"Harbour.Space Scholarship Contest 2021-2022 (open for everyone, rated, Div. 1 + Div. 2)",Jul/22/2021 17:35,817,4,+60,1877,Expert
49,Educational Codeforces Round 111 (Rated for Div. 2),Jul/14/2021 17:35,4961,2,-136,1817,Expert
48,Codeforces Round 729 (Div. 2),Jul/03/2021 16:05,1957,3,-94,1953,Candidate Master
47,Contest 2050 and Codeforces Round 718 (Div. 1 + Div. 2),Apr/23/2021 17:35,1642,4,-69,2047,Candidate Master
46,Codeforces Round 712 (Div. 1),Apr/03/2021 17:35,223,3,+135,2116,Master
45,Educational Codeforces Round 105 (Rated for Div. 2),Mar/02/2021 17:45,188,4,+90,1981,Candidate Master
44,Codeforces Global Round 13,Feb/28/2021 16:35,1176,4,+39,1891,Expert
43,Educational Codeforces Round 103 (Rated for Div. 2),Jan/29/2021 17:35,212,4,+141,1852,Expert
42,Codeforces Round 698 (Div. 2),Jan/28/2021 17:35,747,3,+52,1711,Expert
41,Educational Codeforces Round 102 (Rated for Div. 2),Jan/14/2021 17:35,4262,2,-89,1659,Expert
40,Codeforces Round 695 (Div. 2),Jan/08/2021 17:35,2762,1,-54,1748,Expert
39,Codeforces Round 694 (Div. 2),Jan/05/2021 17:35,2440,3,-71,1802,Expert
38,Good Bye 2020,Dec/30/2020 17:35,1984,5,-10,1873,Expert
37,Educational Codeforces Round 101 (Rated for Div. 2),Dec/28/2020 17:35,1106,4,-22,1883,Expert
36,Educational Codeforces Round 100 (Rated for Div. 2),Dec/17/2020 17:35,748,3,+4,1905,Candidate Master
35,Codeforces Global Round 12,Dec/06/2020 17:35,2427,2,-90,1901,Candidate Master
34,"Codeforces Round 681 (Div. 1, based on VK Cup 2019-2020 - Final)",Nov/02/2020 17:35,875,0,-104,1991,Candidate Master
33,"Codeforces Round 680 (Div. 1, based on Moscow Team Olympiad)",Nov/01/2020 14:05,533,2,-14,2095,Candidate Master
32,Codeforces Round 678 (Div. 2),Oct/24/2020 17:05,61,4,+98,2109,Master
31,Educational Codeforces Round 96 (Rated for Div. 2),Oct/11/2020 12:05,45,5,+166,2011,Candidate Master
30,Codeforces Global Round 11,Oct/10/2020 17:50,1346,3,+25,1845,Expert
29,Codeforces Round 675 (Div. 2),Oct/04/2020 19:05,1482,2,-52,1820,Expert
28,Codeforces Round 672 (Div. 2),Sep/24/2020 17:35,897,4,+7,1872,Expert
27,Codeforces Round 671 (Div. 2),Sep/19/2020 17:35,1648,4,-51,1865,Expert
26,Codeforces Round 670 (Div. 2),Sep/12/2020 16:45,753,3,+10,1916,Candidate Master
25,Codeforces Round 669 (Div. 2),Sep/08/2020 17:35,1283,3,-24,1906,Candidate Master
24,Codeforces Round 666 (Div. 2),Aug/30/2020 17:35,71,4,+146,1930,Candidate Master
23,Educational Codeforces Round 94 (Rated for Div. 2),Aug/25/2020 17:35,990,4,+35,1784,Expert
22,Codeforces Round 665 (Div. 2),Aug/21/2020 17:35,1740,3,-9,1749,Expert
21,Codeforces Global Round 10,Aug/16/2020 17:35,1374,4,+51,1758,Expert
20,Codeforces Round 660 (Div. 2),Jul/30/2020 17:35,2504,2,-20,1707,Expert
19,Educational Codeforces Round 92 (Rated for Div. 2),Jul/29/2020 17:35,2216,3,-7,1727,Expert
18,Codeforces Round 659 (Div. 2),Jul/24/2020 17:35,1631,2,+11,1734,Expert
17,Codeforces Round 658 (Div. 2),Jul/21/2020 17:35,760,4,+66,1723,Expert
16,Codeforces Round 652 (Div. 2),Jun/23/2020 17:05,1461,4,+52,1657,Expert
15,"Codeforces Round 647 (Div. 2) - Thanks, Algo Muse!",Jun/04/2020 17:35,3423,3,-30,1605,Expert
14,Codeforces Round 646 (Div. 2),May/31/2020 17:35,4291,2,-31,1635,Expert
13,Educational Codeforces Round 87 (Rated for Div. 2),May/17/2020 12:20,1700,3,+29,1666,Expert
12,Codeforces Round 642 (Div. 3),May/14/2020 17:35,447,4,+92,1637,Expert
11,Codeforces Round 641 (Div. 2),May/12/2020 15:35,2385,3,+35,1545,Specialist
10,Codeforces Round 638 (Div. 2),May/01/2020 17:35,7750,2,-62,1510,Specialist
9,Educational Codeforces Round 86 (Rated for Div. 2),Apr/26/2020 17:35,2931,3,+40,1572,Specialist
8,Codeforces Round 636 (Div. 3),Apr/21/2020 17:35,890,4,+97,1532,Specialist
7,Codeforces Round 635 (Div. 2),Apr/15/2020 17:35,3515,3,+54,1435,Specialist
6,Educational Codeforces Round 84 (Rated for Div. 2),Mar/23/2020 17:35,6668,2,-16,1381,Pupil
5,Codeforces Round 628 (Div. 2),Mar/14/2020 17:35,3314,3,+37,1397,Pupil
4,"Codeforces Round 626 (Div. 2, based on Moscow Open Olympiad in Informatics)",Mar/07/2020 12:35,2086,2,+33,1360,Pupil
3,Codeforces Round 622 (Div. 2),Feb/23/2020 12:05,4024,1,-41,1327,Pupil
2,Educational Codeforces Round 82 (Rated for Div. 2),Feb/12/2020 17:35,7517,1,-93,1368,Pupil
1,Educational Codeforces Round 81 (Rated for Div. 2),Jan/29/2020 17:35,4327,1,-39,1461,Specialist
