#,Contest,Start time,Rank,Solved,Rating change,New rating,Title
56,"Codeforces Round 850 (Div. 1, based on VK Cup 2022 - Final Round)",Feb/05/2023 15:05,112,4,+54,2522,Grandmaster
55,"Codeforces Round 844 (Div. 1 + Div. 2, based on VK Cup 2022 - Elimination Round)",Jan/15/2023 15:05,434,5,-70,2468,Grandmaster
54,"Polynomial Round 2022 (Div. 1 + Div. 2, Rated, Prizes!)",Dec/17/2022 17:35,222,6,-26,2538,Grandmaster
53,"CodeTON Round 3 (Div. 1 + Div. 2, Rated, Prizes!)",Nov/06/2022 17:35,202,5,-27,2564,Grandmaster
52,Codeforces Global Round 23,Oct/15/2022 17:35,141,5,+28,2591,Grandmaster
51,Dytechlab Cup 2022,Oct/07/2022 17:35,156,5,+3,2563,Grandmaster
50,"CodeTON Round 2 (Div. 1 + Div. 2, Rated, Prizes!)",Jul/31/2022 17:05,143,6,+23,2560,Grandmaster
49,Codeforces Global Round 21,Jun/25/2022 17:35,302,5,-38,2537,Grandmaster
48,Codeforces Round 800 (Div. 1),Jun/16/2022 17:35,243,3,-66,2575,Grandmaster
47,Codeforces Round 796 (Div. 1),Jun/03/2022 17:35,73,3,+38,2641,International Grandmaster
46,Codeforces Round 789 (Div. 1),May/08/2022 17:35,36,5,+130,2603,International Grandmaster
45,Codeforces Round 773 (Div. 1),Feb/23/2022 13:10,230,3,-20,2473,Grandmaster
44,Codeforces Round 758 (Div.1 + Div. 2),Dec/11/2021 13:05,31,5,+148,2493,Grandmaster
43,"Deltix Round, Autumn 2021 (open for everyone, rated, Div. 1 + Div. 2)",Nov/28/2021 17:35,254,5,+32,2345,International Master
42,"Codeforces Round 755 (Div. 1, based on Technocup 2022 Elimination Round 2)",Nov/14/2021 09:05,315,2,-50,2313,International Master
41,Codeforces Round 752 (Div. 1),Oct/30/2021 17:35,229,3,+33,2363,International Master
40,Codeforces Round 751 (Div. 1),Oct/25/2021 09:35,227,3,-16,2330,International Master
39,"Codeforces Round 749 (Div. 1 + Div. 2, based on Technocup 2022 Elimination Round 1)",Oct/17/2021 14:05,135,6,+89,2346,International Master
38,Codeforces Round 745 (Div. 1),Sep/30/2021 13:15,318,1,-43,2257,Master
37,Codeforces Global Round 16,Sep/12/2021 17:35,165,7,+106,2300,International Master
36,Codeforces Round 736 (Div. 1),Aug/01/2021 17:35,438,3,+13,2194,Master
35,Codeforces Round 732 (Div. 1),Jul/11/2021 17:05,408,2,+9,2181,Master
34,Codeforces Global Round 14,May/02/2021 17:35,661,5,+1,2172,Master
33,Contest 2050 and Codeforces Round 718 (Div. 1 + Div. 2),Apr/23/2021 17:35,742,4,-12,2171,Master
32,Codeforces Round 712 (Div. 1),Apr/03/2021 17:35,435,3,+1,2183,Master
31,"Codeforces Round 709 (Div. 1, based on Technocup 2021 Final Round)",Mar/21/2021 16:20,421,3,-3,2182,Master
30,"Codeforces Round 707 (Div. 1, based on Moscow Open Olympiad in Informatics)",Mar/13/2021 12:05,211,2,+70,2185,Master
29,Codeforces Round 703 (Div. 2),Feb/18/2021 17:35,69,6,+114,2115,Master
28,Educational Codeforces Round 104 (Rated for Div. 2),Feb/15/2021 17:35,537,5,-6,2001,Candidate Master
27,Codeforces Round 701 (Div. 2),Feb/12/2021 17:50,704,3,-22,2007,Candidate Master
26,"Codeforces Round 689 (Div. 2, based on Zed Code Competition)",Dec/11/2020 17:35,270,4,+21,2029,Candidate Master
25,Codeforces Global Round 12,Dec/06/2020 17:35,511,5,+82,2008,Candidate Master
24,Codeforces Round 676 (Div. 2),Oct/18/2020 12:05,1198,3,-59,1926,Candidate Master
23,Codeforces Raif Round 1 (Div. 1 + Div. 2),Oct/17/2020 16:05,1607,4,-48,1985,Candidate Master
22,Codeforces Round 670 (Div. 2),Sep/12/2020 16:45,239,4,+57,2033,Candidate Master
21,Codeforces Round 643 (Div. 2),May/16/2020 14:35,364,5,+65,1976,Candidate Master
20,Codeforces Round 630 (Div. 2),Mar/31/2020 16:35,380,5,+90,1911,Candidate Master
19,Codeforces Round 628 (Div. 2),Mar/14/2020 17:35,1678,4,-35,1821,Expert
18,"Codeforces Round 626 (Div. 2, based on Moscow Open Olympiad in Informatics)",Mar/07/2020 12:35,464,3,-1,1856,Expert
17,CodeCraft-20 (Div. 2),Mar/04/2020 17:35,425,4,+52,1857,Expert
16,"Codeforces Round 625 (Div. 2, based on Technocup 2020 Final Round)",Mar/01/2020 16:15,1931,2,-90,1805,Expert
15,Codeforces Round 622 (Div. 2),Feb/23/2020 12:05,657,4,+3,1895,Expert
14,Codeforces Round 620 (Div. 2),Feb/15/2020 16:05,227,5,+104,1892,Expert
13,Educational Codeforces Round 82 (Rated for Div. 2),Feb/12/2020 17:35,522,4,+82,1788,Expert
12,Hello 2020,Jan/04/2020 15:05,2056,3,+13,1706,Expert
11,Codeforces Round 609 (Div. 2),Dec/21/2019 14:05,542,3,+47,1693,Expert
10,"Codeforces Round 606 (Div. 2, based on Technocup 2020 Elimination Round 4)",Dec/14/2019 14:05,474,4,+65,1646,Expert
9,"Codeforces Round 596 (Div. 2, based on Technocup 2020 Elimination Round 2)",Oct/26/2019 14:05,739,4,+58,1581,Specialist
8,Codeforces Round 592 (Div. 2),Oct/13/2019 12:05,3031,2,-54,1523,Specialist
7,Codeforces Round 587 (Div. 3),Sep/21/2019 10:05,489,4,+39,1577,Specialist
6,Codeforces Round 585 (Div. 2),Sep/15/2019 13:35,1700,3,+3,1538,Specialist
5,Codeforces Round 580 (Div. 2),Aug/18/2019 16:45,1837,3,+12,1535,Specialist
4,Codeforces Round 578 (Div. 2),Aug/11/2019 15:35,532,4,+189,1523,Specialist
3,Codeforces Round 567 (Div. 2),Jun/16/2019 12:35,2531,1,-3,1334,Pupil
2,Codeforces Round 564 (Div. 2),Jun/07/2019 15:05,3616,2,-58,1337,Pupil
1,Codeforces Global Round 3,Jun/01/2019 17:35,4631,1,-105,1395,Pupil
