#,Contest,Start time,Rank,Solved,Rating change,New rating,Title
80,Educational Codeforces Round 135 (Rated for Div. 2),Sep/08/2022 17:35,113,4,+43,2115,Master
79,Codeforces Round 732 (Div. 1),Jul/11/2021 17:05,879,0,-107,2072,Candidate Master
78,Codeforces LATOKEN Round 1 (Div. 1 + Div. 2),Jun/13/2021 18:35,850,4,-61,2179,Master
77,"Deltix Round, Spring 2021 (open for everyone, rated, Div. 1 + Div. 2)",May/30/2021 17:35,507,3,+4,2240,Master
76,Educational Codeforces Round 109 (Rated for Div. 2),May/16/2021 11:00,7,5,+185,2236,Master
75,Codeforces Round 694 (Div. 1),Jan/05/2021 17:35,849,2,-76,2051,Candidate Master
74,Codeforces Round 673 (Div. 1),Sep/27/2020 18:05,511,3,-9,2127,Master
73,Codeforces Global Round 4,Jul/20/2019 18:35,250,6,+59,2136,Master
72,Codeforces Round 574 (Div. 2),Jul/17/2019 17:35,199,6,+17,2077,Candidate Master
71,Codeforces Round 572 (Div. 1),Jul/05/2019 18:05,453,1,-80,2060,Candidate Master
70,Codeforces Round 569 (Div. 1),Jun/21/2019 20:05,188,3,+29,2140,Master
69,Codeforces Round 562 (Div. 1),May/26/2019 18:35,116,3,+112,2111,Master
68,Codeforces Round 561 (Div. 2),May/17/2019 18:05,386,4,-22,1999,Candidate Master
67,Codeforces Round 554 (Div. 2),Apr/24/2019 17:35,235,4,+16,2021,Candidate Master
66,Educational Codeforces Round 63 (Rated for Div. 2),Apr/22/2019 17:35,108,4,+73,2005,Candidate Master
65,Forethought Future Cup - Elimination Round,Apr/20/2019 21:05,677,3,-40,1932,Candidate Master
64,Codeforces Round 553 (Div. 2),Apr/18/2019 18:35,132,4,+74,1972,Candidate Master
63,Codeforces Global Round 1,Feb/07/2019 16:35,2373,3,-92,1898,Expert
62,Codeforces Round 534 (Div. 1),Jan/22/2019 17:35,404,1,-54,1990,Candidate Master
61,Codeforces Round 533 (Div. 2),Jan/20/2019 15:05,410,4,-31,2044,Candidate Master
60,Educational Codeforces Round 58 (Rated for Div. 2),Jan/11/2019 17:35,160,5,+23,2075,Candidate Master
59,Codeforces Round 530 (Div. 2),Jan/05/2019 19:35,9,5,+189,2052,Candidate Master
58,Good Bye 2018,Dec/30/2018 17:35,1880,4,-37,1863,Expert
57,Educational Codeforces Round 57 (Rated for Div. 2),Dec/28/2018 17:35,507,4,-7,1900,Candidate Master
56,Codeforces Round 526 (Div. 1),Dec/10/2018 19:35,289,1,-36,1907,Candidate Master
55,Codeforces Round 525 (Div. 2),Dec/04/2018 17:35,133,4,+76,1943,Candidate Master
54,Educational Codeforces Round 55 (Rated for Div. 2),Nov/28/2018 17:35,279,4,+55,1867,Expert
53,Codeforces Round 514 (Div. 2),Oct/05/2018 17:35,1166,3,-51,1812,Expert
52,"Codeforces Round 512 (Div. 2, based on Technocup 2019 Elimination Round 1)",Sep/23/2018 16:05,353,4,-5,1863,Expert
51,Codeforces Round 511 (Div. 2),Sep/21/2018 17:35,102,3,+93,1868,Expert
50,Codeforces Round 510 (Div. 2),Sep/17/2018 11:05,396,3,+29,1775,Expert
49,Educational Codeforces Round 48 (Rated for Div. 2),Aug/03/2018 17:45,1028,3,-19,1746,Expert
48,Codeforces Round 480 (Div. 2),May/08/2018 18:05,2787,1,-144,1765,Expert
47,Tinkoff Internship Warmup Round 2018 and Codeforces Round 475 (Div. 1),Apr/17/2018 17:05,313,2,+1,1909,Candidate Master
46,Educational Codeforces Round 42 (Rated for Div. 2),Apr/10/2018 17:35,64,5,+99,1908,Candidate Master
45,"Divide by Zero 2018 and Codeforces Round 474 (Div. 1 + Div. 2, combined)",Apr/07/2018 19:05,524,3,+46,1809,Expert
44,Educational Codeforces Round 41 (Rated for Div. 2),Apr/04/2018 17:05,95,5,+123,1763,Expert
43,Codeforces Round 456 (Div. 2),Jan/05/2018 17:35,2310,1,-92,1640,Expert
42,Good Bye 2017,Dec/29/2017 18:40,2718,2,-69,1732,Expert
41,Educational Codeforces Round 35 (Rated for Div. 2),Dec/28/2017 17:05,792,3,-55,1801,Expert
40,Codeforces Round 455 (Div. 2),Dec/27/2017 19:35,165,3,+54,1856,Expert
39,"Codeforces Round 454 (Div. 2, based on Technocup 2018 Elimination Round 4)",Dec/23/2017 17:05,311,3,+40,1802,Expert
38,Codeforces Round 453 (Div. 2),Dec/19/2017 18:35,522,3,+2,1762,Expert
37,Codeforces Round 451 (Div. 2),Dec/16/2017 14:35,239,5,+48,1760,Expert
36,Codeforces Round 448 (Div. 2),Nov/26/2017 19:05,1379,1,-77,1712,Expert
35,Codeforces Round 447 (Div. 2),Nov/19/2017 16:55,25,3,+221,1789,Expert
34,Codeforces Round 442 (Div. 2),Oct/23/2017 18:45,974,2,+26,1568,Specialist
33,Codeforces Round 439 (Div. 2),Oct/06/2017 16:35,766,2,+45,1542,Specialist
32,Codeforces Round 438 by Sberbank and Barcelona Bootcamp (Div. 1 + Div. 2 combined),Oct/05/2017 10:05,967,3,+46,1497,Specialist
31,"Codeforces Round 437 (Div. 2, based on MemSQL Start[c]UP 3.0 - Round 2)",Sep/30/2017 20:05,1322,1,-51,1451,Specialist
30,"Manthan, Codefest 17",Sep/24/2017 17:35,677,2,+124,1502,Specialist
29,MemSQL Start[c]UP 3.0 - Round 1,Sep/16/2017 20:35,1421,2,+19,1378,Pupil
28,Codeforces Round 431 (Div. 2),Sep/01/2017 16:35,1451,1,+49,1359,Pupil
27,Codeforces Round 426 (Div. 2),Jul/30/2017 17:35,2929,1,-29,1310,Pupil
26,"Codeforces Round 412 (rated, Div. 2, base on VK Cup 2017 Round 3)",May/07/2017 18:45,1576,2,-15,1339,Pupil
25,Codeforces Round 408 (Div. 2),Apr/10/2017 19:35,2264,1,-40,1354,Pupil
24,Codeforces Round 407 (Div. 2),Mar/29/2017 19:05,1581,1,+23,1394,Pupil
23,Codeforces Round 404 (Div. 2),Mar/15/2017 18:05,1153,2,+90,1371,Pupil
22,Codeforces Round 402 (Div. 2),Feb/26/2017 11:05,2144,2,-33,1281,Pupil
21,Codeforces Round 401 (Div. 2),Feb/24/2017 13:05,2805,0,-115,1314,Pupil
20,"Codecraft-17 and Codeforces Round 391 (Div. 1 + Div. 2, combined)",Jan/12/2017 18:35,2456,1,-13,1429,Specialist
19,Codeforces Round 390 (Div. 2),Jan/06/2017 17:35,2144,1,-32,1442,Specialist
18,Good Bye 2016,Dec/30/2016 17:15,3437,2,-19,1474,Specialist
17,Codeforces Round 388 (Div. 2),Dec/19/2016 19:35,868,3,+41,1493,Specialist
16,Codeforces Round 387 (Div. 2),Dec/19/2016 05:05,472,3,+57,1452,Specialist
15,Codeforces Round 385 (Div. 2),Dec/17/2016 19:35,1285,2,+54,1395,Pupil
14,Codeforces Round 383 (Div. 2),Dec/06/2016 17:35,1141,2,+112,1341,Pupil
13,Codeforces Round 381 (Div. 2),Nov/23/2016 19:35,2808,0,-103,1229,Pupil
12,Codeforces Round 379 (Div. 2),Nov/15/2016 19:35,4079,1,-114,1332,Pupil
11,Codeforces Round 377 (Div. 2),Oct/17/2016 17:35,2551,2,-65,1446,Specialist
10,Codeforces Round 374 (Div. 2),Sep/30/2016 17:05,1296,2,+21,1511,Specialist
9,Codeforces Round 373 (Div. 2),Sep/23/2016 16:05,889,2,+87,1490,Specialist
8,Codeforces Round 371 (Div. 2),Sep/13/2016 19:35,875,3,+109,1403,Specialist
7,Codeforces Round 364 (Div. 2),Jul/22/2016 19:35,2021,2,+29,1294,Pupil
6,Codeforces Round 360 (Div. 2),Jun/29/2016 20:05,2426,2,-17,1265,Pupil
5,Codeforces Round 354 (Div. 2),May/25/2016 18:05,2666,1,-53,1282,Pupil
4,Codeforces Round 350 (Div. 2),May/05/2016 19:05,2043,2,-33,1335,Pupil
3,Codeforces Round 346 (Div. 2),Mar/30/2016 19:05,1645,2,+12,1368,Pupil
2,VK Cup 2016 - Round 1 (Div. 2 Edition),Mar/28/2016 19:35,1134,2,-21,1356,Pupil
1,Codeforces Round 344 (Div. 2),Mar/03/2016 19:35,2413,0,-123,1377,Pupil
