#,Contest,Start time,Rank,Solved,Rating change,New rating,Title
60,"Codeforces Round 850 (Div. 1, based on VK Cup 2022 - Final Round)",Feb/05/2023 15:05,148,4,+62,2417,Grandmaster
59,"Codeforces Round 844 (Div. 1 + Div. 2, based on VK Cup 2022 - Elimination Round)",Jan/15/2023 15:05,232,5,+34,2355,International Master
58,Good Bye 2022: 2023 is NEAR,Dec/30/2022 17:35,288,5,+64,2321,International Master
57,Codeforces Global Round 24,Nov/26/2022 17:05,547,4,-48,2257,Master
56,Pinely Round 1 (Div. 1 + Div. 2),Nov/20/2022 17:35,467,4,-37,2305,International Master
55,"CodeTON Round 3 (Div. 1 + Div. 2, Rated, Prizes!)",Nov/06/2022 17:35,344,4,-8,2342,International Master
54,Codeforces Round 829 (Div. 1),Oct/23/2022 10:50,435,4,-52,2350,International Master
53,Codeforces Global Round 23,Oct/15/2022 17:35,275,5,+24,2402,Grandmaster
52,Codeforces Global Round 22,Sep/30/2022 17:35,411,5,-27,2378,International Master
51,Codeforces Round 814 (Div. 1),Aug/16/2022 17:35,78,4,+117,2405,Grandmaster
50,"CodeTON Round 2 (Div. 1 + Div. 2, Rated, Prizes!)",Jul/31/2022 17:05,320,5,+37,2288,Master
49,Codeforces Round 808 (Div. 1),Jul/16/2022 17:35,134,3,+126,2251,Master
48,Educational Codeforces Round 130 (Rated for Div. 2),Jun/12/2022 17:35,28,5,+132,2125,Master
47,Codeforces Round 796 (Div. 1),Jun/03/2022 17:35,643,2,-72,1993,Candidate Master
46,Codeforces Round 791 (Div. 2),May/14/2022 12:35,178,4,+25,2065,Candidate Master
45,Codeforces Round 789 (Div. 1),May/08/2022 17:35,756,1,-93,2040,Candidate Master
44,"Codeforces Round 778 (Div. 1 + Div. 2, based on Technocup 2022 Final Round)",Mar/20/2022 14:35,595,4,+1,2133,Master
43,"Codeforces Round 775 (Div. 1, based on Moscow Open Olympiad in Informatics)",Mar/06/2022 12:55,634,2,-70,2132,Master
42,Codeforces Round 768 (Div. 1),Jan/27/2022 17:35,658,2,-84,2202,Master
41,Codeforces Round 767 (Div. 1),Jan/22/2022 17:35,170,5,+96,2286,Master
40,Codeforces Global Round 18,Dec/24/2021 17:35,694,3,-26,2190,Master
39,Codeforces Round 758 (Div.1 + Div. 2),Dec/11/2021 13:05,293,3,+26,2216,Master
38,"Codeforces Round 755 (Div. 1, based on Technocup 2022 Elimination Round 2)",Nov/14/2021 09:05,438,2,-66,2190,Master
37,"Codeforces Round 749 (Div. 1 + Div. 2, based on Technocup 2022 Elimination Round 1)",Oct/17/2021 14:05,481,5,-16,2256,Master
36,Codeforces Round 745 (Div. 1),Sep/30/2021 13:15,118,2,+97,2272,Master
35,"Deltix Round, Summer 2021 (open for everyone, rated, Div. 1 + Div. 2)",Aug/29/2021 17:35,517,5,+24,2175,Master
34,"Codeforces Round 740 (Div. 1, based on VK Cup 2021 - Final (Engine))",Aug/24/2021 17:35,305,3,+61,2151,Master
33,Codeforces Round 738 (Div. 2),Aug/15/2021 17:35,243,5,+30,2090,Candidate Master
32,Codeforces Round 737 (Div. 2),Aug/09/2021 17:35,183,4,+55,2060,Candidate Master
31,Codeforces Round 736 (Div. 1),Aug/01/2021 17:35,485,3,+77,2005,Candidate Master
30,Educational Codeforces Round 110 (Rated for Div. 2),Jun/04/2021 17:35,1010,4,-35,1928,Candidate Master
29,Codeforces Round 723 (Div. 2),May/28/2021 17:05,181,5,+91,1963,Candidate Master
28,Codeforces Round 722 (Div. 2),May/24/2021 17:35,204,4,+81,1872,Expert
27,Educational Codeforces Round 109 (Rated for Div. 2),May/16/2021 11:00,511,3,+45,1791,Expert
26,Codeforces Global Round 14,May/02/2021 17:35,1193,4,+78,1746,Expert
25,Codeforces Round 712 (Div. 2),Apr/03/2021 17:35,982,3,+26,1668,Expert
24,Codeforces Round 705 (Div. 2),Mar/06/2021 17:05,6852,1,-160,1642,Expert
23,Educational Codeforces Round 105 (Rated for Div. 2),Mar/02/2021 17:45,1628,2,-32,1802,Expert
22,Codeforces Round 704 (Div. 2),Feb/23/2021 12:05,516,4,+52,1834,Expert
21,Codeforces Round 703 (Div. 2),Feb/18/2021 17:35,2291,2,-47,1782,Expert
20,Educational Codeforces Round 104 (Rated for Div. 2),Feb/15/2021 17:35,899,4,+11,1829,Expert
19,Codeforces Round 700 (Div. 2),Feb/07/2021 17:35,1596,3,-43,1818,Expert
18,Codeforces Round 699 (Div. 2),Feb/05/2021 17:35,1072,3,-12,1861,Expert
17,Educational Codeforces Round 103 (Rated for Div. 2),Jan/29/2021 17:35,404,4,+79,1873,Expert
16,Codeforces Round 698 (Div. 2),Jan/28/2021 17:35,1317,3,-24,1794,Expert
15,Codeforces Round 695 (Div. 2),Jan/08/2021 17:35,328,3,+120,1818,Expert
14,Codeforces Round 685 (Div. 2),Nov/21/2020 17:35,271,5,+188,1698,Expert
13,Codeforces Round 671 (Div. 2),Sep/19/2020 17:35,5198,3,-80,1510,Specialist
12,Codeforces Round 670 (Div. 2),Sep/12/2020 16:45,3794,2,-51,1590,Specialist
11,Educational Codeforces Round 94 (Rated for Div. 2),Aug/25/2020 17:35,1810,3,+29,1641,Expert
10,Codeforces Round 663 (Div. 2),Aug/09/2020 17:35,1872,3,+35,1612,Expert
9,Codeforces Round 662 (Div. 2),Aug/07/2020 17:35,4035,2,-36,1577,Specialist
8,Codeforces Round 660 (Div. 2),Jul/30/2020 17:35,1906,3,+44,1613,Expert
7,Codeforces Round 659 (Div. 2),Jul/24/2020 17:35,2482,2,+26,1569,Specialist
6,Codeforces Round 658 (Div. 2),Jul/21/2020 17:35,2429,4,+28,1543,Specialist
5,Codeforces Round 656 (Div. 3),Jul/17/2020 17:35,2024,4,+1,1515,Specialist
4,Codeforces Round 644 (Div. 3),May/24/2020 16:35,1897,5,+11,1514,Specialist
3,Codeforces Round 630 (Div. 2),Mar/31/2020 16:35,6865,1,-56,1503,Specialist
2,Codeforces Round 622 (Div. 2),Feb/23/2020 12:05,930,3,+103,1559,Specialist
1,Codeforces Round 620 (Div. 2),Feb/15/2020 16:05,4437,2,-44,1456,Specialist
