#,Contest,Start time,Rank,Solved,Rating change,New rating,Title
84,Hello 2023,Jan/03/2023 17:35,310,5,+24,2362,International Master
83,Codeforces Round 767 (Div. 1),Jan/22/2022 17:35,589,3,-86,2338,International Master
82,Codeforces Round 736 (Div. 1),Aug/01/2021 17:35,385,3,-46,2424,Grandmaster
81,Codeforces Round 728 (Div. 1),Jun/25/2021 18:35,283,2,-67,2470,Grandmaster
80,Codeforces Global Round 13,Feb/28/2021 16:35,87,6,+94,2537,Grandmaster
79,Codeforces Round 700 (Div. 1),Feb/07/2021 17:35,267,3,-12,2443,Grandmaster
78,Codeforces Global Round 11,Oct/10/2020 17:50,293,4,-4,2455,Grandmaster
77,Grakn Forces 2020,Sep/30/2020 17:35,332,5,-26,2459,Grandmaster
76,Codeforces Round 664 (Div. 1),Aug/12/2020 17:35,307,2,-50,2485,Grandmaster
75,Codeforces Round 658 (Div. 1),Jul/21/2020 17:35,37,4,+132,2535,Grandmaster
74,Codeforces Global Round 8,Jun/18/2020 17:45,746,4,-72,2403,Grandmaster
73,"Codeforces Round 647 (Div. 1) - Thanks, Algo Muse!",Jun/04/2020 17:35,211,2,-16,2475,Grandmaster
72,Codeforces Round 635 (Div. 1),Apr/15/2020 17:35,155,3,+27,2491,Grandmaster
71,"Codeforces Round 631 (Div. 1) - Thanks, Denis aramis Shitov!",Apr/03/2020 17:35,286,3,-23,2464,Grandmaster
70,"Codeforces Round 626 (Div. 1, based on Moscow Open Olympiad in Informatics)",Mar/07/2020 12:35,298,2,-83,2487,Grandmaster
69,"Ozon Tech Challenge 2020 (Div.1 + Div.2, Rated, T-shirts + prizes!)",Mar/03/2020 17:35,91,6,+49,2570,Grandmaster
68,VK Cup 2019-2020 - Elimination Round (Engine),Feb/23/2020 19:05,60,2,-38,2521,Grandmaster
67,Codeforces Round 621 (Div. 1 + Div. 2),Feb/17/2020 18:35,100,5,+24,2559,Grandmaster
66,Codeforces Round 618 (Div. 1),Feb/09/2020 17:05,60,3,+78,2535,Grandmaster
65,Codeforces Round 614 (Div. 1),Jan/19/2020 16:35,136,3,+7,2457,Grandmaster
64,Hello 2020,Jan/04/2020 15:05,195,5,+19,2450,Grandmaster
63,Good Bye 2019,Dec/29/2019 17:05,129,6,+59,2431,Grandmaster
62,Codeforces Round 609 (Div. 1),Dec/21/2019 14:05,157,3,-5,2372,International Master
61,Codeforces Global Round 6,Dec/17/2019 18:05,590,4,-93,2377,International Master
60,Codeforces Round 599 (Div. 1),Nov/06/2019 18:05,49,3,+109,2470,Grandmaster
59,Dasha Code Championship - SPb Finals Round (only for onsite-finalists),Sep/22/2019 12:05,17,4,+27,2361,International Master
58,"Codeforces Round 584 - Dasha Code Championship - Elimination Round (rated, open for everyone, Div. 1 + Div. 2)",Sep/14/2019 16:05,621,6,-81,2334,International Master
57,Codeforces Round 569 (Div. 1),Jun/21/2019 20:05,54,3,+69,2415,Grandmaster
56,Codeforces Round 564 (Div. 1),Jun/07/2019 15:05,375,2,-106,2346,International Master
55,Codeforces Round 559 (Div. 1),May/12/2019 17:35,45,4,+67,2452,Grandmaster
54,Codeforces Round 557 (Div. 1) [based on Forethought Future Cup - Final Round],May/04/2019 20:05,74,4,+34,2385,International Master
53,Codeforces Round 556 (Div. 1),Apr/29/2019 17:35,143,2,+20,2351,International Master
52,Codeforces Global Round 2,Apr/06/2019 14:35,178,5,+29,2331,International Master
51,Codeforces Round 549 (Div. 1),Mar/30/2019 20:10,72,2,+54,2302,International Master
50,Codeforces Round 539 (Div. 1),Feb/16/2019 19:35,201,2,-28,2248,Master
49,Codeforces Global Round 1,Feb/07/2019 16:35,393,4,-14,2276,Master
48,Codeforces Round 534 (Div. 1),Jan/22/2019 17:35,77,2,+73,2290,Master
47,Codeforces Round 530 (Div. 1),Jan/05/2019 19:35,374,1,-76,2217,Master
46,Hello 2019,Jan/04/2019 17:45,590,3,-62,2293,Master
45,Good Bye 2018,Dec/30/2018 17:35,577,4,-64,2355,International Master
44,"Codeforces Round 528 (Div. 1, based on Technocup 2019 Elimination Round 4)",Dec/23/2018 16:35,62,4,+51,2419,Grandmaster
43,Avito Cool Challenge 2018,Dec/16/2018 17:35,128,5,+10,2368,International Master
42,Mail.Ru Cup 2018 Round 2,Nov/10/2018 17:35,90,4,+49,2358,International Master
41,Codeforces Round 519 by Botan Investments,Oct/28/2018 18:35,213,5,+6,2309,International Master
40,Technocup 2019 - Elimination Round 2,Oct/21/2018 11:10,6,4,+55,2303,International Master
39,Mail.Ru Cup 2018 Round 1,Oct/18/2018 19:35,122,5,+52,2248,Master
38,"AIM Tech Round 5 (rated, Div. 1 + Div. 2)",Aug/27/2018 19:35,203,4,+28,2196,Master
37,Codeforces Round 500 (Div. 1) [based on EJOI],Jul/30/2018 11:15,212,3,-20,2168,Master
36,Codeforces Round 499 (Div. 1),Jul/26/2018 18:05,150,4,+43,2188,Master
35,Codeforces Round 485 (Div. 1),May/29/2018 18:35,148,2,+49,2145,Master
34,Avito Code Challenge 2018,May/27/2018 17:50,384,4,-20,2096,Candidate Master
33,VK Cup 2018 - Round 2,Mar/24/2018 18:35,115,3,+11,2116,Master
32,VK Cup 2018 - Round 1,Mar/10/2018 18:35,39,4,+157,2105,Master
31,Hello 2018,Jan/08/2018 17:45,1073,3,-35,1948,Candidate Master
30,Good Bye 2017,Dec/29/2017 18:40,664,3,+15,1983,Candidate Master
29,"Codeforces Round 454 (Div. 2, based on Technocup 2018 Elimination Round 4)",Dec/23/2017 17:05,67,3,+90,1968,Candidate Master
28,Codeforces Round 449 (Div. 2),Dec/02/2017 17:05,331,3,-5,1878,Expert
27,Codeforces Round 448 (Div. 2),Nov/26/2017 19:05,140,2,+53,1883,Expert
26,Codeforces Round 446 (Div. 2),Nov/17/2017 17:35,914,2,-69,1830,Expert
25,Codeforces Round 443 (Div. 2),Oct/26/2017 17:45,30,3,+158,1899,Expert
24,Codeforces Round 430 (Div. 2),Aug/29/2017 18:05,428,2,+40,1741,Expert
23,Codeforces Round 428 (Div. 2),Aug/12/2017 17:35,1461,2,-50,1701,Expert
22,Codeforces Round 427 (Div. 2),Jul/31/2017 17:35,862,3,-31,1751,Expert
21,Codeforces Round 426 (Div. 2),Jul/30/2017 17:35,612,2,-8,1782,Expert
20,Codeforces Round 425 (Div. 2),Jul/24/2017 17:35,486,2,+13,1790,Expert
19,Codeforces Round 419 (Div. 2),Jun/17/2017 17:35,281,3,+41,1777,Expert
18,Codeforces Round 418 (Div. 2),Jun/07/2017 15:15,839,2,-38,1736,Expert
17,Codeforces Round 416 (Div. 2),May/27/2017 12:35,106,3,+108,1774,Expert
16,Codeforces Round 411 (Div. 2),May/04/2017 17:50,428,4,+51,1666,Expert
15,VK Cup 2017 - Round 2,Apr/16/2017 18:35,321,1,-61,1615,Expert
14,Codeforces Round 406 (Div. 2),Mar/23/2017 18:05,1099,1,-30,1676,Expert
13,VK Cup 2017 - Round 1,Mar/18/2017 18:35,259,2,+63,1706,Expert
12,"Divide by Zero 2017 and Codeforces Round 399 (Div. 1 + Div. 2, combined)",Feb/20/2017 19:05,914,2,+64,1643,Expert
11,Codeforces Round 395 (Div. 2),Feb/02/2017 16:35,1413,2,-27,1579,Specialist
10,Codeforces Round 392 (Div. 2),Jan/19/2017 18:05,960,2,+7,1606,Expert
9,"Codecraft-17 and Codeforces Round 391 (Div. 1 + Div. 2, combined)",Jan/12/2017 18:35,1049,2,+61,1599,Specialist
8,Codeforces Round 390 (Div. 2),Jan/06/2017 17:35,2048,1,-54,1538,Specialist
7,Good Bye 2016,Dec/30/2016 17:15,1789,3,+44,1592,Specialist
6,Technocup 2017 - Elimination Round 3,Dec/25/2016 12:05,212,2,+5,1548,Specialist
5,Codeforces Round 388 (Div. 2),Dec/19/2016 19:35,1427,2,-34,1543,Specialist
4,Codeforces Round 384 (Div. 2),Dec/14/2016 17:35,773,3,+41,1577,Specialist
3,Codeforces Round 381 (Div. 2),Nov/23/2016 19:35,581,3,+83,1536,Specialist
2,Technocup 2017 - Elimination Round 2,Nov/20/2016 12:05,357,1,+11,1453,Specialist
1,Codeforces Round 378 (Div. 2),Oct/31/2016 17:05,2603,1,-58,1442,Specialist
