#,Contest,Start time,Rank,Solved,Rating change,New rating,Title
142,Hello 2023,Jan/03/2023 17:35,217,6,+3,2533,Grandmaster
141,Good Bye 2022: 2023 is NEAR,Dec/30/2022 17:35,180,5,+37,2530,Grandmaster
140,"Polynomial Round 2022 (Div. 1 + Div. 2, Rated, Prizes!)",Dec/17/2022 17:35,91,6,+77,2493,Grandmaster
139,Codeforces Global Round 24,Nov/26/2022 17:05,247,5,-8,2416,Grandmaster
138,Pinely Round 1 (Div. 1 + Div. 2),Nov/20/2022 17:35,170,5,+32,2424,Grandmaster
137,"CodeTON Round 3 (Div. 1 + Div. 2, Rated, Prizes!)",Nov/06/2022 17:35,244,5,+11,2392,International Master
136,Codeforces Round 831 (Div. 1 + Div. 2),Oct/29/2022 12:10,433,5,-76,2381,International Master
135,Codeforces Round 829 (Div. 1),Oct/23/2022 10:50,263,5,-27,2457,Grandmaster
134,Codeforces Global Round 23,Oct/15/2022 17:35,1044,4,-146,2484,Grandmaster
133,Dytechlab Cup 2022,Oct/07/2022 17:35,148,5,-13,2630,International Grandmaster
132,Codeforces Global Round 22,Sep/30/2022 17:35,355,5,-96,2643,International Grandmaster
131,"Deltix Round, Summer 2021 (open for everyone, rated, Div. 1 + Div. 2)",Aug/29/2021 17:35,96,6,+8,2739,International Grandmaster
130,"Codeforces Round 740 (Div. 1, based on VK Cup 2021 - Final (Engine))",Aug/24/2021 17:35,138,4,-50,2731,International Grandmaster
129,Codeforces Round 736 (Div. 1),Aug/01/2021 17:35,35,4,+89,2781,International Grandmaster
128,Codeforces Global Round 15,Jul/25/2021 17:35,146,6,-17,2692,International Grandmaster
127,"Harbour.Space Scholarship Contest 2021-2022 (open for everyone, rated, Div. 1 + Div. 2)",Jul/22/2021 17:35,82,7,+6,2709,International Grandmaster
126,"Codeforces Round 733 (Div. 1 + Div. 2, based on VK Cup 2021 - Elimination (Engine))",Jul/17/2021 17:35,100,6,-10,2703,International Grandmaster
125,Codeforces Round 732 (Div. 1),Jul/11/2021 17:05,53,3,+53,2713,International Grandmaster
124,Codeforces Round 728 (Div. 1),Jun/25/2021 18:35,83,3,+1,2660,International Grandmaster
123,Codeforces LATOKEN Round 1 (Div. 1 + Div. 2),Jun/13/2021 18:35,126,6,-7,2659,International Grandmaster
122,Codeforces Global Round 14,May/02/2021 17:35,87,7,+37,2666,International Grandmaster
121,Contest 2050 and Codeforces Round 718 (Div. 1 + Div. 2),Apr/23/2021 17:35,179,5,-16,2629,International Grandmaster
120,Codeforces Global Round 9,Jul/04/2020 17:45,204,5,-21,2645,International Grandmaster
119,Codeforces Round 519 by Botan Investments,Oct/28/2018 18:35,46,6,+30,2666,International Grandmaster
118,Hello 2018,Jan/08/2018 17:45,111,5,-41,2636,International Grandmaster
117,"Codeforces Round 433 (Div. 1, based on Olympiad of Metropolises)",Sep/06/2017 15:55,47,4,-29,2677,International Grandmaster
116,"Codeforces Round 432 (Div. 1, based on IndiaHacks Final Round 2017)",Sep/04/2017 17:35,3,4,+210,2706,International Grandmaster
115,AIM Tech Round 4 (Div. 1),Aug/24/2017 19:35,308,1,-146,2496,Grandmaster
114,Codeforces Round 429 (Div. 1),Aug/18/2017 18:05,37,3,+16,2642,International Grandmaster
113,Codeforces Round 426 (Div. 1),Jul/30/2017 17:35,217,1,-156,2626,International Grandmaster
112,Codeforces Round 395 (Div. 1),Feb/02/2017 16:35,12,3,+82,2782,International Grandmaster
111,8VC Venture Cup 2017 - Final Round,Jan/22/2017 21:15,49,4,-48,2700,International Grandmaster
110,8VC Venture Cup 2017 - Elimination Round,Jan/15/2017 20:05,67,5,-25,2748,International Grandmaster
109,"Codecraft-17 and Codeforces Round 391 (Div. 1 + Div. 2, combined)",Jan/12/2017 18:35,12,6,+82,2773,International Grandmaster
108,Good Bye 2016,Dec/30/2016 17:15,68,5,-5,2691,International Grandmaster
107,"Intel Code Challenge Final Round (Div. 1 + Div. 2, Combined)",Oct/08/2016 15:15,31,5,+19,2696,International Grandmaster
106,"Intel Code Challenge Elimination Round (Div. 1 + Div. 2, combined)",Oct/01/2016 17:05,49,4,-2,2677,International Grandmaster
105,Codeforces Round 372 (Div. 1),Sep/17/2016 16:45,22,3,+50,2679,International Grandmaster
104,Codeforces Round 352 (Div. 1),May/11/2016 19:35,155,2,-123,2629,International Grandmaster
103,VK Cup 2016 - Round 1 (Div.1 Edition),Mar/28/2016 19:35,20,3,-14,2752,International Grandmaster
102,IndiaHacks 2016 - Online Edition (Div. 1 + Div. 2),Mar/19/2016 11:35,7,6,+84,2766,International Grandmaster
101,CROC 2016 - Elimination Round  (Rated Unofficial Edition),Mar/18/2016 19:35,20,6,-32,2682,International Grandmaster
100,Codeforces Round 345 (Div. 1),Mar/07/2016 12:25,6,4,+145,2714,International Grandmaster
99,8VC Venture Cup 2016 - Final Round,Feb/28/2016 21:10,11,4,+183,2569,Grandmaster
98,"Manthan, Codefest 16",Feb/26/2016 20:15,137,4,-29,2386,International Master
97,8VC Venture Cup 2016 - Elimination Round,Feb/13/2016 20:35,75,6,+54,2415,Grandmaster
96,AIM Tech Round (Div. 1),Feb/04/2016 20:05,432,0,-143,2361,International Master
95,Codeforces Round 339 (Div. 1),Jan/14/2016 19:35,50,3,+17,2504,Grandmaster
94,Good Bye 2015,Dec/30/2015 18:05,207,4,-62,2487,Grandmaster
93,Codeforces Round 335 (Div. 1),Dec/09/2015 19:05,23,4,+50,2549,Grandmaster
92,Codeforces Round 334 (Div. 1),Dec/01/2015 18:35,48,3,+21,2499,Grandmaster
91,Codeforces Round 333 (Div. 1),Nov/24/2015 19:35,89,3,-39,2478,Grandmaster
90,Codeforces Round 325 (Div. 1),Oct/12/2015 12:10,89,3,-36,2517,Grandmaster
89,Codeforces Round 323 (Div. 1),Oct/03/2015 19:45,5,4,+104,2553,Grandmaster
88,Codeforces Round 320 (Div. 1) [Bayan Thanks-Round],Sep/16/2015 18:15,65,3,+25,2449,Grandmaster
87,Codeforces Round 319 (Div. 1),Sep/10/2015 19:30,24,3,+107,2424,Grandmaster
86,Codeforces Round 318 [RussianCodeCup Thanks-Round] (Div. 1),Aug/29/2015 19:30,432,2,-119,2317,International Master
85,Codeforces Round 315 (Div. 1),Aug/10/2015 19:30,77,2,-11,2436,Grandmaster
84,Codeforces Round 310 (Div. 1),Jun/27/2015 17:10,209,3,-102,2447,Grandmaster
83,Looksery Cup 2015,Jun/06/2015 16:00,45,6,+59,2549,Grandmaster
82,Codeforces Round 305 (Div. 1),May/26/2015 19:35,8,4,+113,2490,Grandmaster
81,Codeforces Round 302 (Div. 1),May/07/2015 19:30,22,3,+123,2377,International Master
80,Codeforces Round 300,Apr/26/2015 19:00,170,6,+58,2254,Master
79,"VK Cup 2015 - Round 2 (unofficial online mirror, Div. 1 only)",Apr/17/2015 19:00,53,4,+68,2196,Master
78,ZeptoLab Code Rush 2015,Apr/04/2015 19:35,779,2,-102,2128,Master
77,"VK Cup 2015 - Round 1 (unofficial online mirror, Div. 1 only)",Mar/21/2015 19:45,101,2,-33,2230,Master
76,Codeforces Round 296 (Div. 1),Mar/17/2015 19:45,226,2,-71,2263,Master
75,Codeforces Round 295 (Div. 1),Mar/02/2015 10:00,41,3,+78,2334,International Master
74,Codeforces Round 292 (Div. 1),Feb/17/2015 19:35,147,2,+37,2256,Master
73,Good Bye 2014,Dec/30/2014 18:00,347,4,-111,2219,Master
72,Codeforces Round 284 (Div. 1),Dec/24/2014 19:30,63,3,+62,2330,International Master
71,Codeforces Round 283 (Div. 1),Dec/17/2014 19:30,120,3,+4,2268,Master
70,Codeforces Round 282 (Div. 1),Dec/13/2014 19:30,146,2,-26,2264,Master
69,Bayan 2015 Contest Warm Up,Oct/05/2014 17:00,83,4,+74,2290,Master
68,Codeforces Round 270,Sep/28/2014 19:35,25,5,+231,2216,Master
67,Codeforces Round 268 (Div. 1),Sep/20/2014 17:00,653,1,-106,1985,Candidate Master
66,Codeforces Round 265 (Div. 1),Sep/07/2014 19:30,230,2,-27,2091,Candidate Master
65,Codeforces Round 263 (Div. 1),Aug/26/2014 18:00,427,2,-104,2118,Master
64,MemSQL Start[c]UP 2.0 - Round 2 - Online Round,Aug/10/2014 21:00,76,3,+86,2222,Master
63,Codeforces Round 260 (Div. 1),Aug/08/2014 19:30,373,1,-97,2136,Master
62,Codeforces Round 259 (Div. 1),Aug/01/2014 19:30,31,3,+132,2233,Master
61,Codeforces Round 257 (Div. 1),Jul/19/2014 17:00,295,1,-85,2101,Master
60,Codeforces Round #FF (Div. 1),Jul/13/2014 17:00,240,2,-85,2186,Master
59,Codeforces Round 253 (Div. 1),Jun/19/2014 19:30,313,1,-106,2271,Master
58,Zepto Code Rush 2014,Jun/13/2014 19:30,88,3,+13,2377,International Master
57,Codeforces Round 250 (Div. 1),Jun/01/2014 17:00,47,3,+41,2364,International Master
56,Codeforces Round 245 (Div. 1),May/11/2014 19:40,68,3,+22,2323,International Master
55,"Coder-Strike 2014 - Finals (online edition, Div. 1)",Apr/22/2014 16:19,12,4,+77,2301,International Master
54,RCC 2014 Warmup (Div. 1),Apr/17/2014 19:40,6,3,+134,2224,Master
53,Codeforces Round 240 (Div. 1),Apr/06/2014 19:40,104,3,+119,2090,Candidate Master
52,Codeforces Round 239 (Div. 1),Mar/30/2014 11:00,213,2,-25,1971,Candidate Master
51,Codeforces Round 238 (Div. 1),Mar/22/2014 19:30,242,2,-51,1996,Candidate Master
50,Codeforces Round 236 (Div. 1),Mar/16/2014 19:30,176,2,-7,2047,Candidate Master
49,Codeforces Round 228 (Div. 1),Feb/03/2014 19:40,250,2,-47,2054,Candidate Master
48,Codeforces Round 225 (Div. 1),Jan/20/2014 19:30,158,2,+3,2101,Master
47,Good Bye 2013,Dec/30/2013 19:30,72,4,+199,2098,Candidate Master
46,Codeforces Round 222 (Div. 1),Dec/29/2013 19:30,344,1,-56,1899,Expert
45,Codeforces Round 221 (Div. 1),Dec/24/2013 18:00,236,2,-49,1955,Candidate Master
44,Codeforces Round 219 (Div. 1),Dec/13/2013 18:00,72,3,+163,2004,Candidate Master
43,Codeforces Round 215 (Div. 1),Nov/26/2013 19:30,350,1,-47,1841,Expert
42,Codeforces Round 213 (Div. 1),Nov/19/2013 19:30,362,1,-67,1888,Expert
41,Codeforces Round 206 (Div. 1),Oct/13/2013 19:30,229,1,0,1955,Candidate Master
40,Codeforces Round 202 (Div. 1),Sep/27/2013 19:30,276,1,-62,1955,Candidate Master
39,Codeforces Round 201 (Div. 1),Sep/20/2013 19:30,140,2,+57,2017,Candidate Master
38,Codeforces Round 198 (Div. 1),Aug/30/2013 19:30,241,2,-49,1960,Candidate Master
37,Codeforces Round 192 (Div. 1),Jul/20/2013 17:30,161,2,+21,2009,Candidate Master
36,Codeforces Round 190 (Div. 1),Jun/28/2013 19:30,367,1,-89,1988,Candidate Master
35,Codeforces Round 189 (Div. 1),Jun/23/2013 17:00,76,3,+89,2077,Candidate Master
34,Codeforces Round 188 (Div. 1),Jun/14/2013 19:30,240,2,-35,1988,Candidate Master
33,Croc Champ 2013 - Round 2,Apr/22/2013 19:35,137,1,+83,2023,Candidate Master
32,Croc Champ 2013 - Round 1,Apr/15/2013 19:35,237,4,+124,1940,Candidate Master
31,Codeforces Round 179 (Div. 1),Apr/11/2013 19:30,377,2,-50,1816,Expert
30,Codeforces Round 177 (Div. 1),Apr/02/2013 19:30,167,3,+118,1866,Expert
29,Codeforces Round 176 (Div. 1),Mar/23/2013 12:00,486,0,-76,1748,Expert
28,Codeforces Round 174 (Div. 1),Mar/17/2013 19:30,223,2,+80,1824,Expert
27,Codeforces Round 172 (Div. 2),Mar/10/2013 19:30,61,2,+54,1744,Expert
26,Codeforces Round 171 (Div. 2),Mar/04/2013 19:30,180,3,-6,1690,Expert
25,Codeforces Round 170 (Div. 1),Feb/28/2013 19:30,538,1,-63,1696,Expert
24,Codeforces Round 169 (Div. 2),Feb/24/2013 19:30,30,4,+87,1759,Expert
23,Codeforces Round 168 (Div. 2),Feb/20/2013 19:30,207,2,+15,1672,Expert
22,Codeforces Round 167 (Div. 1),Feb/13/2013 19:30,525,0,-67,1657,Expert
21,Codeforces Round 165 (Div. 1),Feb/01/2013 19:30,352,1,+16,1724,Expert
20,Codeforces Round 164 (Div. 2),Jan/28/2013 19:30,139,3,+33,1708,Expert
19,Codeforces Round 163 (Div. 2),Jan/22/2013 19:30,187,2,+66,1675,Expert
18,Codeforces Round 160 (Div. 2),Jan/13/2013 19:30,577,2,-90,1609,Expert
17,Codeforces Round 158 (Div. 2),Dec/27/2012 19:35,37,3,+136,1699,Expert
16,Codeforces Round 157 (Div. 2),Dec/22/2012 19:30,506,2,-64,1563,Specialist
15,Codeforces Round 154 (Div. 2),Dec/08/2012 14:00,158,3,+72,1627,Expert
14,Codeforces Round 153 (Div. 2),Dec/06/2012 19:30,504,1,-65,1555,Specialist
13,"CROC-MBTU 2012, Final Round (Online version, Div. 2)",Nov/26/2012 18:00,128,3,+38,1620,Expert
12,Codeforces Round 152 (Div. 2),Nov/25/2012 19:30,848,1,-90,1582,Specialist
11,Codeforces Round 151 (Div. 2),Nov/21/2012 19:30,151,3,+48,1672,Expert
10,"CROC-MBTU 2012, Elimination Round (ACM-ICPC)",Nov/19/2012 19:30,254,4,-46,1624,Expert
9,Codeforces Round 150 (Div. 2),Nov/16/2012 19:30,153,2,+64,1670,Expert
8,Codeforces Round 149 (Div. 2),Nov/11/2012 19:30,350,2,-54,1606,Expert
7,Codeforces Round 148 (Div. 2),Nov/04/2012 20:00,167,2,+52,1660,Expert
6,Codeforces Round 147 (Div. 2),Oct/25/2012 19:30,433,2,-57,1608,Expert
5,Codeforces Round 146 (Div. 2),Oct/21/2012 11:10,129,3,+93,1665,Expert
4,"Codeforces Round 145 (Div. 2, ACM-ICPC Rules)",Oct/16/2012 11:00,203,5,+34,1572,Specialist
3,Codeforces Round 144 (Div. 2),Oct/11/2012 19:30,419,2,-43,1538,Specialist
2,Codeforces Round 143 (Div. 2),Oct/07/2012 19:30,481,2,-61,1581,Specialist
1,Codeforces Round 139 (Div. 2),Sep/19/2012 19:45,192,2,+142,1642,Expert
