#,Contest,Start time,Rank,Solved,Rating change,New rating,Title
191,Codeforces Round 854 by cybercats (Div. 1 + Div. 2),Feb/27/2023 17:35,1104,3,-94,2133,Master
190,Educational Codeforces Round 142 (Rated for Div. 2),Jan/24/2023 17:35,16,5,+147,2227,Master
189,Hello 2023,Jan/03/2023 17:35,935,4,-6,2080,Candidate Master
188,Good Bye 2022: 2023 is NEAR,Dec/30/2022 17:35,1383,3,-35,2086,Candidate Master
187,Educational Codeforces Round 139 (Rated for Div. 2),Dec/12/2022 17:35,38,5,+116,2121,Master
186,Codeforces Round 837 (Div. 2),Dec/11/2022 18:35,382,3,+1,2005,Candidate Master
185,Codeforces Round 836 (Div. 2),Nov/25/2022 18:35,1128,3,-90,2004,Candidate Master
184,Pinely Round 1 (Div. 1 + Div. 2),Nov/20/2022 17:35,816,3,-36,2094,Candidate Master
183,Codeforces Round 831 (Div. 1 + Div. 2),Oct/29/2022 12:10,592,5,-32,2130,Master
182,Codeforces Round 821 (Div. 2),Sep/19/2022 17:35,21,5,+139,2162,Master
181,Educational Codeforces Round 134 (Rated for Div. 2),Aug/27/2022 17:35,208,4,+37,2023,Candidate Master
180,Codeforces Round 816 (Div. 2),Aug/20/2022 17:35,851,3,-48,1986,Candidate Master
179,Codeforces Round 815 (Div. 2),Aug/18/2022 16:35,542,4,-30,2034,Candidate Master
178,Codeforces Round 814 (Div. 1),Aug/16/2022 17:35,387,3,+48,2064,Candidate Master
177,Codeforces Round 813 (Div. 2),Aug/13/2022 17:35,385,4,+16,2016,Candidate Master
176,Codeforces Round 812 (Div. 2),Aug/06/2022 17:35,604,4,-20,2000,Candidate Master
175,Educational Codeforces Round 133 (Rated for Div. 2),Aug/04/2022 17:35,378,3,+13,2020,Candidate Master
174,"CodeTON Round 2 (Div. 1 + Div. 2, Rated, Prizes!)",Jul/31/2022 17:05,801,4,+31,2007,Candidate Master
173,Educational Codeforces Round 132 (Rated for Div. 2),Jul/21/2022 17:35,2039,3,-111,1976,Candidate Master
172,Codeforces Round 809 (Div. 2),Jul/18/2022 17:35,74,5,+101,2087,Candidate Master
171,Codeforces Round 808 (Div. 1),Jul/16/2022 17:35,626,2,-21,1986,Candidate Master
170,Codeforces Global Round 21,Jun/25/2022 17:35,1047,4,-8,2007,Candidate Master
169,Codeforces Round 802 (Div. 2),Jun/19/2022 12:05,294,4,+5,2015,Candidate Master
168,Codeforces Round 801 (Div. 2) and EPIC Institute of Technology Round,Jun/18/2022 17:35,199,3,+48,2010,Candidate Master
167,Codeforces Round 800 (Div. 1),Jun/16/2022 17:35,601,2,-28,1962,Candidate Master
166,Educational Codeforces Round 130 (Rated for Div. 2),Jun/12/2022 17:35,294,4,+18,1990,Candidate Master
165,CodeCraft-22 and Codeforces Round 795 (Div. 2),May/31/2022 17:35,117,5,+94,1972,Candidate Master
164,Codeforces Round 794 (Div. 2),May/25/2022 20:35,145,4,+63,1878,Expert
163,Educational Codeforces Round 129 (Rated for Div. 2),May/23/2022 17:35,1566,3,-48,1815,Expert
162,Codeforces Round 793 (Div. 2),May/22/2022 17:35,1326,3,-54,1863,Expert
161,Codeforces Global Round 20,Apr/23/2022 17:05,734,5,+57,1917,Candidate Master
160,Educational Codeforces Round 127 (Rated for Div. 2),Apr/22/2022 17:35,5159,2,-182,1860,Expert
159,Educational Codeforces Round 126 (Rated for Div. 2),Apr/09/2022 17:35,277,4,+4,2042,Candidate Master
158,Codeforces Round 781 (Div. 2),Apr/08/2022 17:35,74,4,+96,2038,Candidate Master
157,Codeforces Round 779 (Div. 2),Mar/27/2022 17:35,814,4,-43,1942,Candidate Master
156,"CodeTON Round 1 (Div. 1 + Div. 2, Rated, Prizes!)",Mar/24/2022 17:35,1307,4,-24,1985,Candidate Master
155,Educational Codeforces Round 125 (Rated for Div. 2),Mar/22/2022 17:45,136,4,+76,2009,Candidate Master
154,Технокубок 2022 - Финал,Mar/20/2022 11:15,162,3,-3,1933,Candidate Master
153,Codeforces Round 777 (Div. 2),Mar/11/2022 17:35,278,4,+50,1936,Candidate Master
152,Educational Codeforces Round 124 (Rated for Div. 2),Mar/10/2022 17:35,959,3,-40,1886,Expert
151,Codeforces Round 774 (Div. 2),Mar/04/2022 18:35,685,3,-32,1926,Candidate Master
150,Codeforces Round 772 (Div. 2),Feb/20/2022 17:35,215,4,+56,1958,Candidate Master
149,Codeforces Round 771 (Div. 2),Feb/14/2022 17:35,359,4,+53,1902,Candidate Master
148,Codeforces Global Round 19,Feb/12/2022 17:35,1644,4,-13,1849,Expert
147,Codeforces Round 770 (Div. 2),Feb/06/2022 17:35,2766,3,-100,1862,Expert
146,Educational Codeforces Round 122 (Rated for Div. 2),Jan/31/2022 17:35,105,4,+110,1962,Candidate Master
145,Codeforces Round 768 (Div. 2),Jan/27/2022 17:35,165,4,+100,1852,Expert
144,Codeforces Round 767 (Div. 2),Jan/22/2022 17:35,1780,4,-40,1752,Expert
143,Codeforces Round 766 (Div. 2),Jan/15/2022 17:35,2433,3,-81,1792,Expert
142,Codeforces Round 765 (Div. 2),Jan/12/2022 15:05,700,3,-5,1873,Expert
141,Good Bye 2021: 2022 is NEAR,Dec/29/2021 18:35,1853,3,-28,1878,Expert
140,Codeforces Round 763 (Div. 2),Dec/28/2021 16:35,397,3,+28,1906,Candidate Master
139,Educational Codeforces Round 120 (Rated for Div. 2),Dec/27/2021 17:35,406,4,+47,1878,Expert
138,Codeforces Global Round 18,Dec/24/2021 17:35,2424,3,-68,1831,Expert
137,Codeforces Round 761 (Div. 2),Dec/16/2021 16:35,313,5,+44,1899,Expert
136,"Deltix Round, Autumn 2021 (open for everyone, rated, Div. 1 + Div. 2)",Nov/28/2021 17:35,813,4,+55,1855,Expert
135,Codeforces Global Round 17,Nov/23/2021 17:35,1690,3,-29,1800,Expert
134,Codeforces Round 754 (Div. 2),Nov/12/2021 17:35,1630,3,-67,1829,Expert
133,Educational Codeforces Round 116 (Rated for Div. 2),Oct/29/2021 17:35,482,3,+32,1896,Expert
132,Codeforces Round 750 (Div. 2),Oct/24/2021 13:05,750,5,-18,1864,Expert
131,Technocup 2022 - Elimination Round 1,Oct/17/2021 14:05,188,4,-43,1882,Expert
130,Codeforces Round 747 (Div. 2),Oct/08/2021 18:05,332,5,+31,1925,Candidate Master
129,Codeforces Round 746 (Div. 2),Oct/03/2021 17:35,391,3,+44,1894,Expert
128,Codeforces Round 745 (Div. 2),Sep/30/2021 13:15,183,3,+74,1850,Expert
127,Codeforces Global Round 16,Sep/12/2021 17:35,1288,5,+44,1776,Expert
126,Educational Codeforces Round 113 (Rated for Div. 2),Sep/08/2021 17:35,1227,3,+3,1732,Expert
125,"Deltix Round, Summer 2021 (open for everyone, rated, Div. 1 + Div. 2)",Aug/29/2021 17:35,1030,4,+95,1729,Expert
124,Codeforces Round 738 (Div. 2),Aug/15/2021 17:35,720,4,+117,1634,Expert
123,Codeforces Round 737 (Div. 2),Aug/09/2021 17:35,6255,2,-90,1517,Specialist
122,Codeforces Round 735 (Div. 2),Jul/29/2021 17:35,2578,2,-19,1607,Expert
121,Codeforces Global Round 15,Jul/25/2021 17:35,5167,1,-112,1626,Expert
120,"Harbour.Space Scholarship Contest 2021-2022 (open for everyone, rated, Div. 1 + Div. 2)",Jul/22/2021 17:35,1015,4,+83,1738,Expert
119,Codeforces Round 729 (Div. 2),Jul/03/2021 16:05,2185,2,-15,1655,Expert
118,Codeforces Round 728 (Div. 2),Jun/25/2021 18:35,927,3,+30,1670,Expert
117,Codeforces Round 726 (Div. 2),Jun/18/2021 17:35,3788,3,-54,1640,Expert
116,Codeforces LATOKEN Round 1 (Div. 1 + Div. 2),Jun/13/2021 18:35,1559,3,+16,1694,Expert
115,Codeforces Round 724 (Div. 2),Jun/06/2021 17:35,1252,3,+24,1678,Expert
114,Educational Codeforces Round 110 (Rated for Div. 2),Jun/04/2021 17:35,540,4,+122,1654,Expert
113,"Deltix Round, Spring 2021 (open for everyone, rated, Div. 1 + Div. 2)",May/30/2021 17:35,4573,2,-70,1532,Specialist
112,Codeforces Round 723 (Div. 2),May/28/2021 17:05,6060,1,-111,1602,Expert
111,Codeforces Round 722 (Div. 2),May/24/2021 17:35,982,3,+22,1713,Expert
110,Codeforces Round 721 (Div. 2),May/20/2021 17:35,3725,2,-74,1691,Expert
109,Codeforces Round 720 (Div. 2),May/07/2021 17:35,613,3,+79,1765,Expert
108,Educational Codeforces Round 108 (Rated for Div. 2),Apr/29/2021 17:35,958,4,+52,1686,Expert
107,Contest 2050 and Codeforces Round 718 (Div. 1 + Div. 2),Apr/23/2021 17:35,2213,3,+23,1634,Expert
106,Codeforces Round 716 (Div. 2),Apr/19/2021 16:35,2679,2,-47,1611,Expert
105,Codeforces Round 715 (Div. 2),Apr/16/2021 17:35,594,3,+78,1658,Expert
104,Educational Codeforces Round 107 (Rated for Div. 2),Apr/12/2021 17:35,3146,3,-48,1580,Specialist
103,Divide by Zero 2021 and Codeforces Round 714 (Div. 2),Apr/11/2021 17:35,2316,2,-36,1628,Expert
102,CodeCraft-21 and Codeforces Round 711 (Div. 2),Mar/29/2021 17:35,1648,3,-12,1664,Expert
101,Codeforces Round 710 (Div. 3),Mar/25/2021 17:35,175,5,+100,1676,Expert
100,"Codeforces Round 709 (Div. 2, based on Technocup 2021 Final Round)",Mar/21/2021 16:20,1418,2,-1,1576,Specialist
99,Educational Codeforces Round 106 (Rated for Div. 2),Mar/18/2021 17:50,1827,3,+11,1577,Specialist
98,"Codeforces Round 707 (Div. 2, based on Moscow Open Olympiad in Informatics)",Mar/13/2021 12:05,3176,2,-82,1566,Specialist
97,Codeforces Round 706 (Div. 2),Mar/10/2021 15:05,1746,3,-20,1648,Expert
96,Codeforces Round 705 (Div. 2),Mar/06/2021 17:05,733,3,+81,1668,Expert
95,Educational Codeforces Round 105 (Rated for Div. 2),Mar/02/2021 17:45,1785,2,+31,1587,Specialist
94,Codeforces Global Round 13,Feb/28/2021 16:35,3425,2,-9,1556,Specialist
93,Codeforces Round 704 (Div. 2),Feb/23/2021 12:05,1129,3,+77,1565,Specialist
92,Codeforces Round 703 (Div. 2),Feb/18/2021 17:35,7511,1,-101,1488,Specialist
91,Codeforces Round 702 (Div. 3),Feb/16/2021 17:35,286,6,+108,1589,Specialist
90,Codeforces Round 701 (Div. 2),Feb/12/2021 17:50,2211,2,+40,1481,Specialist
89,Codeforces Round 700 (Div. 2),Feb/07/2021 17:35,5704,2,-54,1441,Specialist
88,Codeforces Round 699 (Div. 2),Feb/05/2021 17:35,3368,2,-4,1495,Specialist
87,Codeforces Round 696 (Div. 2),Jan/19/2021 17:35,2806,2,+14,1499,Specialist
86,Educational Codeforces Round 102 (Rated for Div. 2),Jan/14/2021 17:35,2941,3,+6,1485,Specialist
85,Codeforces Round 695 (Div. 2),Jan/08/2021 17:35,9586,1,-123,1479,Specialist
84,Codeforces Round 694 (Div. 2),Jan/05/2021 17:35,1566,3,+32,1602,Expert
83,Codeforces Round 693 (Div. 3),Jan/04/2021 17:35,238,5,+139,1570,Specialist
82,Good Bye 2020,Dec/30/2020 17:35,9062,2,-103,1431,Specialist
81,Educational Codeforces Round 101 (Rated for Div. 2),Dec/28/2020 17:35,1925,3,+43,1534,Specialist
80,"Codeforces Round 692 (Div. 2, based on Technocup 2021 Elimination Round 3)",Dec/20/2020 18:05,715,3,+120,1491,Specialist
79,Codeforces Round 691 (Div. 2),Dec/19/2020 12:35,4452,1,-73,1371,Pupil
78,Codeforces Round 690 (Div. 3),Dec/15/2020 17:35,1468,4,+25,1444,Specialist
77,"Codeforces Round 689 (Div. 2, based on Zed Code Competition)",Dec/11/2020 17:35,3364,2,-19,1419,Specialist
76,Codeforces Global Round 12,Dec/06/2020 17:35,3936,2,-20,1438,Specialist
75,Codeforces Round 688 (Div. 2),Dec/04/2020 16:05,3002,2,-7,1458,Specialist
74,Educational Codeforces Round 99 (Rated for Div. 2),Nov/30/2020 17:35,2372,3,+37,1465,Specialist
73,Technocup 2021 - Elimination Round 2,Nov/29/2020 10:05,592,2,-53,1428,Specialist
72,Codeforces Round 686 (Div. 3),Nov/24/2020 17:35,1440,4,+18,1481,Specialist
71,Codeforces Round 685 (Div. 2),Nov/21/2020 17:35,3620,3,-12,1463,Specialist
70,Educational Codeforces Round 98 (Rated for Div. 2),Nov/19/2020 17:35,1889,3,+44,1475,Specialist
69,Codeforces Round 684 (Div. 2),Nov/17/2020 17:35,1917,3,+36,1431,Specialist
68,"Codeforces Round 681 (Div. 2, based on VK Cup 2019-2020 - Final)",Nov/02/2020 17:35,891,3,+134,1395,Pupil
67,Educational Codeforces Round 97 (Rated for Div. 2),Oct/27/2020 17:35,5449,1,-24,1261,Pupil
66,Technocup 2021 - Elimination Round 1,Oct/25/2020 14:05,1704,0,-125,1285,Pupil
65,Codeforces Round 678 (Div. 2),Oct/24/2020 17:05,1789,3,+83,1410,Specialist
64,Codeforces Round 677 (Div. 3),Oct/20/2020 17:35,1873,5,+58,1327,Pupil
63,Codeforces Round 676 (Div. 2),Oct/18/2020 12:05,4266,2,-7,1269,Pupil
62,Codeforces Raif Round 1 (Div. 1 + Div. 2),Oct/17/2020 16:05,6927,2,-71,1276,Pupil
61,Codeforces Global Round 11,Oct/10/2020 17:50,6227,1,-82,1347,Pupil
60,Codeforces Round 675 (Div. 2),Oct/04/2020 19:05,2104,2,+41,1429,Specialist
59,Grakn Forces 2020,Sep/30/2020 17:35,4067,2,-13,1388,Pupil
58,Codeforces Round 673 (Div. 2),Sep/27/2020 18:05,1488,3,+69,1401,Specialist
57,Codeforces Round 672 (Div. 2),Sep/24/2020 17:35,4342,3,+19,1332,Pupil
56,Codeforces Round 671 (Div. 2),Sep/19/2020 17:35,6718,2,-69,1313,Pupil
55,Codeforces Round 661 (Div. 3),Aug/05/2020 17:35,4781,3,-29,1382,Pupil
54,Codeforces Round 659 (Div. 2),Jul/24/2020 17:35,5843,1,-35,1411,Specialist
53,Codeforces Round 656 (Div. 3),Jul/17/2020 17:35,2777,3,-2,1446,Specialist
52,Codeforces Global Round 9,Jul/04/2020 17:45,7754,1,-92,1448,Specialist
51,Codeforces Round 654 (Div. 2),Jul/01/2020 16:35,4445,3,-34,1540,Specialist
50,Codeforces Round 653 (Div. 3),Jun/28/2020 17:35,634,5,+66,1574,Specialist
49,Educational Codeforces Round 90 (Rated for Div. 2),Jun/25/2020 17:35,1283,4,+125,1508,Specialist
48,Codeforces Round 652 (Div. 2),Jun/23/2020 17:05,7068,2,-48,1383,Pupil
47,Codeforces Round 651 (Div. 2),Jun/20/2020 17:35,4512,3,+8,1431,Specialist
46,Codeforces Global Round 8,Jun/18/2020 17:45,6743,1,-42,1423,Specialist
45,Codeforces Round 650 (Div. 3),Jun/16/2020 17:35,2161,3,+15,1465,Specialist
44,Codeforces Round 645 (Div. 2),May/26/2020 17:35,4944,2,+2,1450,Specialist
43,Codeforces Round 644 (Div. 3),May/24/2020 16:35,2180,5,+24,1448,Specialist
42,Codeforces Round 642 (Div. 3),May/14/2020 17:35,3790,3,+5,1424,Specialist
41,Codeforces Round 641 (Div. 2),May/12/2020 15:35,4945,2,-5,1419,Specialist
40,Codeforces Round 638 (Div. 2),May/01/2020 17:35,7645,2,-34,1424,Specialist
39,Educational Codeforces Round 86 (Rated for Div. 2),Apr/26/2020 17:35,9797,2,-81,1458,Specialist
38,"Codeforces Round 637 (Div. 2) - Thanks, Ivan Belonogov!",Apr/23/2020 17:45,3940,3,+7,1539,Specialist
37,Codeforces Round 636 (Div. 3),Apr/21/2020 17:35,5570,3,-57,1532,Specialist
36,Codeforces Round 635 (Div. 2),Apr/15/2020 17:35,2752,3,+18,1589,Specialist
35,Codeforces Round 634 (Div. 3),Apr/13/2020 17:35,1213,5,+53,1571,Specialist
34,Codeforces Round 633 (Div. 2),Apr/12/2020 17:05,2375,3,+43,1518,Specialist
33,Educational Codeforces Round 85 (Rated for Div. 2),Apr/10/2020 17:35,3772,3,+45,1475,Specialist
32,Codeforces Round 632 (Div. 2),Apr/08/2020 17:35,5336,2,+2,1430,Specialist
31,"Codeforces Round 631 (Div. 2) - Thanks, Denis aramis Shitov!",Apr/03/2020 17:35,2241,2,+100,1428,Specialist
30,Codeforces Round 630 (Div. 2),Mar/31/2020 16:35,8362,1,-41,1328,Pupil
29,Codeforces Round 629 (Div. 3),Mar/26/2020 17:35,5596,3,-8,1369,Pupil
28,Educational Codeforces Round 84 (Rated for Div. 2),Mar/23/2020 17:35,6874,2,-20,1377,Pupil
27,Codeforces Global Round 7,Mar/19/2020 17:35,6328,3,-32,1397,Pupil
26,Codeforces Round 628 (Div. 2),Mar/14/2020 17:35,3772,3,+4,1429,Specialist
25,Codeforces Round 627 (Div. 3),Mar/12/2020 16:05,886,4,+100,1425,Specialist
24,Educational Codeforces Round 83 (Rated for Div. 2),Mar/09/2020 17:35,2892,3,+68,1325,Pupil
23,"Codeforces Round 626 (Div. 2, based on Moscow Open Olympiad in Informatics)",Mar/07/2020 12:35,3305,2,-14,1257,Pupil
22,CodeCraft-20 (Div. 2),Mar/04/2020 17:35,3792,1,+7,1271,Pupil
21,"Ozon Tech Challenge 2020 (Div.1 + Div.2, Rated, T-shirts + prizes!)",Mar/03/2020 17:35,5192,1,-25,1264,Pupil
20,Codeforces Round 624 (Div. 3),Feb/24/2020 17:35,3321,2,-4,1289,Pupil
19,Codeforces Round 620 (Div. 2),Feb/15/2020 16:05,4638,2,+2,1293,Pupil
18,Educational Codeforces Round 82 (Rated for Div. 2),Feb/12/2020 17:35,5557,1,-18,1291,Pupil
17,Codeforces Round 617 (Div. 3),Feb/04/2020 17:35,1814,3,+105,1309,Pupil
16,Codeforces Round 616 (Div. 2),Feb/02/2020 17:05,4575,1,+24,1204,Pupil
15,Educational Codeforces Round 81 (Rated for Div. 2),Jan/29/2020 17:35,6667,1,-29,1180,Newbie
14,Codeforces Round 615 (Div. 3),Jan/22/2020 17:35,1320,3,+219,1209,Pupil
13,Educational Codeforces Round 80 (Rated for Div. 2),Jan/14/2020 17:35,6320,0,-100,990,Newbie
12,Codeforces Round 613 (Div. 2),Jan/10/2020 17:05,5333,1,+13,1090,Newbie
11,Codeforces Round 612 (Div. 2),Jan/05/2020 17:05,2570,1,+171,1077,Newbie
10,Good Bye 2019,Dec/29/2019 17:05,7890,1,-70,906,Newbie
9,Codeforces Round 611 (Div. 3),Dec/28/2019 20:05,5008,2,-9,976,Newbie
8,Codeforces Round 610 (Div. 2),Dec/24/2019 17:35,5152,0,-99,985,Newbie
7,Codeforces Round 609 (Div. 2),Dec/21/2019 14:05,4596,1,-32,1084,Newbie
6,Educational Codeforces Round 78 (Rated for Div. 2),Dec/19/2019 17:35,5133,0,-107,1116,Newbie
5,Codeforces Global Round 6,Dec/17/2019 18:05,4170,2,-14,1223,Pupil
4,Codeforces Round 608 (Div. 2),Dec/15/2019 12:15,4571,1,-82,1237,Pupil
3,Codeforces Round 607 (Div. 2),Dec/15/2019 08:05,2069,1,-20,1319,Pupil
2,Technocup 2020 - Elimination Round 4,Dec/14/2019 14:05,911,1,-67,1339,Pupil
1,Codeforces Round 605 (Div. 3),Dec/12/2019 16:35,4357,1,-94,1406,Specialist
