#,Contest,Start time,Rank,Solved,Rating change,New rating,Title
9,"Codeforces Round 844 (Div. 1 + Div. 2, based on VK Cup 2022 - Elimination Round)",Jan/15/2023 15:05,559,4,+11,2128,Master
8,Codeforces Global Round 20,Apr/23/2022 17:05,969,5,-49,2117,Master
7,Codeforces Round 783 (Div. 1),Apr/19/2022 17:35,213,3,+107,2166,Master
6,Codeforces Round 782 (Div. 2),Apr/17/2022 17:35,70,5,+153,2059,Candidate Master
5,Educational Codeforces Round 123 (Rated for Div. 2),Feb/22/2022 17:35,405,5,+111,1906,Candidate Master
4,Educational Codeforces Round 113 (Rated for Div. 2),Sep/08/2021 17:35,261,4,+208,1795,Expert
3,Codeforces Round 742 (Div. 2),Sep/05/2021 17:35,286,4,+330,1587,Specialist
2,Codeforces Round 741 (Div. 2),Aug/26/2021 17:35,32,5,+653,1257,Pupil
1,Codeforces Round 738 (Div. 2),Aug/15/2021 17:35,1352,4,+604,604,Newbie
