#,Contest,Start time,Rank,Solved,Rating change,New rating,Title
169,Codeforces Round 854 by cybercats (Div. 1 + Div. 2),Feb/27/2023 17:35,452,5,+18,2148,Master
168,Codeforces Round 851 (Div. 2),Feb/09/2023 17:35,104,5,+53,2130,Master
167,"Codeforces Round 850 (Div. 1, based on VK Cup 2022 - Final Round)",Feb/05/2023 15:05,659,2,-37,2077,Candidate Master
166,"TypeDB Forces 2023 (Div. 1 + Div. 2, Rated, Prizes!)",Jan/29/2023 17:35,1190,3,-71,2114,Master
165,Good Bye 2022: 2023 is NEAR,Dec/30/2022 17:35,1006,4,-28,2185,Master
164,"Polynomial Round 2022 (Div. 1 + Div. 2, Rated, Prizes!)",Dec/17/2022 17:35,225,6,+87,2213,Master
163,Pinely Round 1 (Div. 1 + Div. 2),Nov/20/2022 17:35,746,3,-34,2126,Master
162,"CodeTON Round 3 (Div. 1 + Div. 2, Rated, Prizes!)",Nov/06/2022 17:35,362,4,+51,2160,Master
161,Dytechlab Cup 2022,Oct/07/2022 17:35,615,3,0,2109,Master
160,Codeforces Global Round 22,Sep/30/2022 17:35,1115,3,-57,2109,Master
159,Codeforces Round 814 (Div. 1),Aug/16/2022 17:35,265,3,+65,2166,Master
158,Codeforces Round 809 (Div. 2),Jul/18/2022 17:35,151,5,+44,2101,Master
157,Codeforces Round 808 (Div. 1),Jul/16/2022 17:35,672,2,-56,2057,Candidate Master
156,Codeforces Round 807 (Div. 2),Jul/15/2022 16:35,120,5,+46,2113,Master
155,Codeforces Global Round 21,Jun/25/2022 17:35,617,5,+41,2067,Candidate Master
154,Codeforces Round 800 (Div. 1),Jun/16/2022 17:35,651,2,-64,2026,Candidate Master
153,Codeforces Round 796 (Div. 1),Jun/03/2022 17:35,658,1,-93,2090,Candidate Master
152,Codeforces Round 794 (Div. 1),May/25/2022 20:35,211,2,+32,2183,Master
151,Educational Codeforces Round 129 (Rated for Div. 2),May/23/2022 17:35,74,5,+67,2151,Master
150,Codeforces Round 792 (Div. 1 + Div. 2),May/19/2022 17:35,2234,3,-140,2084,Candidate Master
149,Codeforces Round 783 (Div. 1),Apr/19/2022 17:35,151,3,+130,2224,Master
148,Educational Codeforces Round 126 (Rated for Div. 2),Apr/09/2022 17:35,21,5,+178,2094,Candidate Master
147,Codeforces Round 781 (Div. 2),Apr/08/2022 17:35,271,4,+48,1916,Candidate Master
146,Codeforces Round 779 (Div. 2),Mar/27/2022 17:35,1360,4,-64,1868,Expert
145,"CodeTON Round 1 (Div. 1 + Div. 2, Rated, Prizes!)",Mar/24/2022 17:35,1346,4,-11,1932,Candidate Master
144,Educational Codeforces Round 125 (Rated for Div. 2),Mar/22/2022 17:45,656,3,-19,1943,Candidate Master
143,Educational Codeforces Round 124 (Rated for Div. 2),Mar/10/2022 17:35,324,4,+18,1962,Candidate Master
142,Codeforces Round 773 (Div. 1),Feb/23/2022 13:10,734,1,-38,1944,Candidate Master
141,Codeforces Global Round 19,Feb/12/2022 17:35,3564,3,-156,1982,Candidate Master
140,Hello 2022,Jan/03/2022 17:35,524,4,+41,2138,Master
139,Good Bye 2021: 2022 is NEAR,Dec/29/2021 18:35,527,5,+62,2097,Candidate Master
138,Codeforces Global Round 18,Dec/24/2021 17:35,1081,3,-30,2035,Candidate Master
137,"Codeforces Round 759 (Div. 2, based on Technocup 2022 Elimination Round 3)",Dec/12/2021 18:15,113,5,+49,2065,Candidate Master
136,Codeforces Round 758 (Div.1 + Div. 2),Dec/11/2021 13:05,689,3,-5,2016,Candidate Master
135,Educational Codeforces Round 118 (Rated for Div. 2),Dec/01/2021 17:35,243,5,+32,2021,Candidate Master
134,"Deltix Round, Autumn 2021 (open for everyone, rated, Div. 1 + Div. 2)",Nov/28/2021 17:35,478,4,+83,1989,Candidate Master
133,Codeforces Round 757 (Div. 2),Nov/26/2021 14:15,335,4,+41,1906,Candidate Master
132,Codeforces Global Round 17,Nov/23/2021 17:35,2362,2,-96,1865,Expert
131,"Codeforces Round 755 (Div. 1, based on Technocup 2022 Elimination Round 2)",Nov/14/2021 09:05,518,1,-57,1961,Candidate Master
130,Codeforces Round 754 (Div. 2),Nov/12/2021 17:35,506,3,-27,2018,Candidate Master
129,Codeforces Round 752 (Div. 1),Oct/30/2021 17:35,577,2,+12,2045,Candidate Master
128,"Codeforces Round 749 (Div. 1 + Div. 2, based on Technocup 2022 Elimination Round 1)",Oct/17/2021 14:05,2272,2,-142,2033,Candidate Master
127,Codeforces Round 745 (Div. 1),Sep/30/2021 13:15,94,2,+180,2175,Master
126,Codeforces Global Round 16,Sep/12/2021 17:35,380,6,+129,1995,Candidate Master
125,Educational Codeforces Round 113 (Rated for Div. 2),Sep/08/2021 17:35,871,4,-10,1866,Expert
124,Codeforces Round 742 (Div. 2),Sep/05/2021 17:35,925,3,-16,1876,Expert
123,"Deltix Round, Summer 2021 (open for everyone, rated, Div. 1 + Div. 2)",Aug/29/2021 17:35,3285,2,-125,1892,Expert
122,"Codeforces Round 740 (Div. 1, based on VK Cup 2021 - Final (Engine))",Aug/24/2021 17:35,390,3,+83,2017,Candidate Master
121,Educational Codeforces Round 112 (Rated for Div. 2),Jul/30/2021 17:35,2301,3,-102,1934,Candidate Master
120,Codeforces Round 735 (Div. 2),Jul/29/2021 17:35,56,4,+152,2036,Candidate Master
119,Codeforces Global Round 15,Jul/25/2021 17:35,2056,3,-51,1884,Expert
118,"Harbour.Space Scholarship Contest 2021-2022 (open for everyone, rated, Div. 1 + Div. 2)",Jul/22/2021 17:35,2753,3,-111,1935,Candidate Master
117,"Codeforces Round 733 (Div. 1 + Div. 2, based on VK Cup 2021 - Elimination (Engine))",Jul/17/2021 17:35,219,5,+154,2046,Candidate Master
116,Educational Codeforces Round 111 (Rated for Div. 2),Jul/14/2021 17:35,5800,2,-165,1892,Expert
115,Codeforces Round 732 (Div. 1),Jul/11/2021 17:05,871,0,-90,2057,Candidate Master
114,Codeforces LATOKEN Round 1 (Div. 1 + Div. 2),Jun/13/2021 18:35,665,4,-21,2147,Master
113,"Deltix Round, Spring 2021 (open for everyone, rated, Div. 1 + Div. 2)",May/30/2021 17:35,426,3,+50,2168,Master
112,Codeforces Round 723 (Div. 2),May/28/2021 17:05,46,5,+134,2118,Master
111,Codeforces Round 722 (Div. 2),May/24/2021 17:35,35,4,+159,1984,Candidate Master
110,Codeforces Round 721 (Div. 2),May/20/2021 17:35,6008,2,-153,1825,Expert
109,Codeforces Global Round 14,May/02/2021 17:35,1349,4,-20,1978,Candidate Master
108,Educational Codeforces Round 108 (Rated for Div. 2),Apr/29/2021 17:35,114,4,+105,1998,Candidate Master
107,Contest 2050 and Codeforces Round 718 (Div. 1 + Div. 2),Apr/23/2021 17:35,1838,3,-36,1893,Expert
106,Codeforces Round 717 (Div. 2),Apr/21/2021 16:35,1393,2,-64,1929,Candidate Master
105,Codeforces Round 716 (Div. 2),Apr/19/2021 16:35,235,4,+44,1993,Candidate Master
104,Educational Codeforces Round 107 (Rated for Div. 2),Apr/12/2021 17:35,535,4,-5,1949,Candidate Master
103,Divide by Zero 2021 and Codeforces Round 714 (Div. 2),Apr/11/2021 17:35,828,3,-41,1954,Candidate Master
102,Codeforces Round 712 (Div. 1),Apr/03/2021 17:35,624,2,+9,1995,Candidate Master
101,CodeCraft-21 and Codeforces Round 711 (Div. 2),Mar/29/2021 17:35,204,4,+58,1986,Candidate Master
100,Educational Codeforces Round 106 (Rated for Div. 2),Mar/18/2021 17:50,408,3,+29,1928,Candidate Master
99,"Codeforces Round 707 (Div. 1, based on Moscow Open Olympiad in Informatics)",Mar/13/2021 12:05,631,0,-89,1899,Expert
98,Codeforces Round 706 (Div. 1),Mar/10/2021 15:05,852,1,-35,1988,Candidate Master
97,Codeforces Round 705 (Div. 2),Mar/06/2021 17:05,77,4,+121,2023,Candidate Master
96,Educational Codeforces Round 105 (Rated for Div. 2),Mar/02/2021 17:45,492,3,+42,1902,Candidate Master
95,Codeforces Round 704 (Div. 2),Feb/23/2021 12:05,632,3,+26,1860,Expert
94,Codeforces Round 703 (Div. 2),Feb/18/2021 17:35,627,4,+56,1834,Expert
93,Educational Codeforces Round 104 (Rated for Div. 2),Feb/15/2021 17:35,2066,4,-49,1778,Expert
92,Codeforces Round 701 (Div. 2),Feb/12/2021 17:50,1094,3,-3,1827,Expert
91,Codeforces Round 700 (Div. 2),Feb/07/2021 17:35,1836,2,-57,1830,Expert
90,Codeforces Round 699 (Div. 2),Feb/05/2021 17:35,705,3,+16,1887,Expert
89,Educational Codeforces Round 103 (Rated for Div. 2),Jan/29/2021 17:35,1794,3,-49,1871,Expert
88,Codeforces Round 698 (Div. 2),Jan/28/2021 17:35,397,3,+22,1920,Candidate Master
87,Codeforces Round 696 (Div. 2),Jan/19/2021 17:35,3126,2,-117,1898,Expert
86,Educational Codeforces Round 102 (Rated for Div. 2),Jan/14/2021 17:35,259,4,+39,2015,Candidate Master
85,Codeforces Round 694 (Div. 1),Jan/05/2021 17:35,511,2,+55,1976,Candidate Master
84,Good Bye 2020,Dec/30/2020 17:35,1120,5,+51,1921,Candidate Master
83,Educational Codeforces Round 101 (Rated for Div. 2),Dec/28/2020 17:35,468,4,+57,1870,Expert
82,"Codeforces Round 692 (Div. 2, based on Technocup 2021 Elimination Round 3)",Dec/20/2020 18:05,489,3,+19,1813,Expert
81,Codeforces Round 691 (Div. 2),Dec/19/2020 12:35,1485,2,-72,1794,Expert
80,Educational Codeforces Round 100 (Rated for Div. 2),Dec/17/2020 17:35,1570,2,-47,1866,Expert
79,"Codeforces Round 689 (Div. 2, based on Zed Code Competition)",Dec/11/2020 17:35,927,4,-38,1913,Candidate Master
78,Codeforces Global Round 12,Dec/06/2020 17:35,687,5,+66,1951,Candidate Master
77,"Codeforces Round 687 (Div. 2, based on Technocup 2021 Elimination Round 2)",Nov/29/2020 10:05,105,4,+96,1885,Expert
76,Codeforces Round 685 (Div. 2),Nov/21/2020 17:35,2085,3,-51,1789,Expert
75,Educational Codeforces Round 98 (Rated for Div. 2),Nov/19/2020 17:35,1827,3,-73,1840,Expert
74,Codeforces Round 684 (Div. 1),Nov/17/2020 17:35,853,1,-70,1913,Candidate Master
73,"Codeforces Round 681 (Div. 1, based on VK Cup 2019-2020 - Final)",Nov/02/2020 17:35,787,1,-63,1983,Candidate Master
72,"Codeforces Round 680 (Div. 2, based on Moscow Team Olympiad)",Nov/01/2020 14:05,10,4,+193,2046,Candidate Master
71,Technocup 2021 - Elimination Round 1,Oct/25/2020 14:05,170,3,+33,1853,Expert
70,Codeforces Round 678 (Div. 2),Oct/24/2020 17:05,918,3,-2,1820,Expert
69,Codeforces Round 676 (Div. 2),Oct/18/2020 12:05,720,4,+21,1822,Expert
68,Codeforces Raif Round 1 (Div. 1 + Div. 2),Oct/17/2020 16:05,2273,3,-38,1801,Expert
67,Educational Codeforces Round 96 (Rated for Div. 2),Oct/11/2020 12:05,1129,4,-39,1839,Expert
66,Codeforces Global Round 11,Oct/10/2020 17:50,1167,3,+34,1878,Expert
65,Codeforces Round 675 (Div. 2),Oct/04/2020 19:05,535,3,+35,1844,Expert
64,Grakn Forces 2020,Sep/30/2020 17:35,1366,3,+32,1809,Expert
63,Codeforces Round 673 (Div. 2),Sep/27/2020 18:05,313,3,+65,1777,Expert
62,Codeforces Round 672 (Div. 2),Sep/24/2020 17:35,1538,4,+13,1712,Expert
61,Codeforces Round 671 (Div. 2),Sep/19/2020 17:35,859,5,+72,1699,Expert
60,Codeforces Round 670 (Div. 2),Sep/12/2020 16:45,2629,2,-17,1627,Expert
59,Codeforces Round 669 (Div. 2),Sep/08/2020 17:35,2716,2,-16,1644,Expert
58,Codeforces Round 668 (Div. 2),Sep/06/2020 17:35,3330,2,-67,1660,Expert
57,Codeforces Round 666 (Div. 2),Aug/30/2020 17:35,874,3,+40,1727,Expert
56,Educational Codeforces Round 94 (Rated for Div. 2),Aug/25/2020 17:35,413,4,+163,1687,Expert
55,Codeforces Round 665 (Div. 2),Aug/21/2020 17:35,2045,3,+57,1524,Specialist
54,Codeforces Global Round 10,Aug/16/2020 17:35,6332,2,-83,1467,Specialist
53,Educational Codeforces Round 93 (Rated for Div. 2),Aug/14/2020 17:35,5608,2,-73,1550,Specialist
52,Codeforces Round 664 (Div. 2),Aug/12/2020 17:35,1019,3,+81,1623,Expert
51,Codeforces Round 663 (Div. 2),Aug/09/2020 17:35,5879,2,-80,1542,Specialist
50,Codeforces Round 662 (Div. 2),Aug/07/2020 17:35,3121,2,-19,1622,Expert
49,Codeforces Round 660 (Div. 2),Jul/30/2020 17:35,4310,2,-61,1641,Expert
48,Educational Codeforces Round 92 (Rated for Div. 2),Jul/29/2020 17:35,3634,2,-50,1702,Expert
47,Codeforces Round 659 (Div. 2),Jul/24/2020 17:35,2577,1,-37,1752,Expert
46,Codeforces Round 658 (Div. 2),Jul/21/2020 17:35,790,4,+36,1789,Expert
45,Codeforces Round 657 (Div. 2),Jul/19/2020 12:00,491,3,+138,1753,Expert
44,Codeforces Global Round 9,Jul/04/2020 17:45,6663,2,-104,1615,Expert
43,Codeforces Round 654 (Div. 2),Jul/01/2020 16:35,3187,4,-52,1719,Expert
42,Codeforces Round 653 (Div. 3),Jun/28/2020 17:35,38,5,+189,1771,Expert
41,Educational Codeforces Round 90 (Rated for Div. 2),Jun/25/2020 17:35,2827,4,-3,1582,Specialist
40,Codeforces Round 652 (Div. 2),Jun/23/2020 17:05,5991,2,-83,1585,Specialist
39,Codeforces Round 651 (Div. 2),Jun/20/2020 17:35,4895,3,-77,1668,Expert
38,Codeforces Round 650 (Div. 3),Jun/16/2020 17:35,40,5,+196,1745,Expert
37,Codeforces Round 649 (Div. 2),Jun/13/2020 18:05,7971,1,-112,1549,Specialist
36,Educational Codeforces Round 89 (Rated for Div. 2),Jun/11/2020 17:35,5095,2,-83,1661,Expert
35,Codeforces Round 648 (Div. 2),Jun/07/2020 17:35,1871,4,+10,1744,Expert
34,"Codeforces Round 647 (Div. 2) - Thanks, Algo Muse!",Jun/04/2020 17:35,365,4,+127,1734,Expert
33,Codeforces Round 646 (Div. 2),May/31/2020 17:35,1055,4,+138,1607,Expert
32,Educational Codeforces Round 88 (Rated for Div. 2),May/28/2020 17:35,2942,3,+64,1469,Specialist
31,Codeforces Round 645 (Div. 2),May/26/2020 17:35,6937,2,-33,1405,Specialist
30,Codeforces Round 644 (Div. 3),May/24/2020 16:35,4550,4,-43,1438,Specialist
29,Educational Codeforces Round 87 (Rated for Div. 2),May/17/2020 12:20,6827,2,-78,1481,Specialist
28,Codeforces Round 643 (Div. 2),May/16/2020 14:35,3057,3,+26,1559,Specialist
27,Codeforces Round 642 (Div. 3),May/14/2020 17:35,2703,3,-3,1533,Specialist
26,Codeforces Round 641 (Div. 2),May/12/2020 15:35,3393,2,0,1536,Specialist
25,Codeforces Round 638 (Div. 2),May/01/2020 17:35,4594,2,-2,1536,Specialist
24,Educational Codeforces Round 86 (Rated for Div. 2),Apr/26/2020 17:35,6669,2,-49,1538,Specialist
23,"Codeforces Round 637 (Div. 2) - Thanks, Ivan Belonogov!",Apr/23/2020 17:45,2450,3,+39,1587,Specialist
22,Codeforces Round 636 (Div. 3),Apr/21/2020 17:35,1326,3,+55,1548,Specialist
21,Codeforces Round 635 (Div. 2),Apr/15/2020 17:35,7360,2,-61,1493,Specialist
20,Codeforces Round 634 (Div. 3),Apr/13/2020 17:35,1561,5,+41,1554,Specialist
19,Codeforces Round 633 (Div. 2),Apr/12/2020 17:05,2476,3,+41,1513,Specialist
18,Educational Codeforces Round 85 (Rated for Div. 2),Apr/10/2020 17:35,9047,1,-76,1472,Specialist
17,Codeforces Round 632 (Div. 2),Apr/08/2020 17:35,3124,2,+30,1548,Specialist
16,"Codeforces Round 631 (Div. 2) - Thanks, Denis aramis Shitov!",Apr/03/2020 17:35,5214,1,-45,1518,Specialist
15,Codeforces Round 630 (Div. 2),Mar/31/2020 16:35,3194,3,+25,1563,Specialist
14,Codeforces Round 629 (Div. 3),Mar/26/2020 17:35,1772,3,+34,1538,Specialist
13,Educational Codeforces Round 84 (Rated for Div. 2),Mar/23/2020 17:35,2992,3,+50,1504,Specialist
12,Codeforces Global Round 7,Mar/19/2020 17:35,4879,3,-4,1454,Specialist
11,Codeforces Round 628 (Div. 2),Mar/14/2020 17:35,3887,2,-11,1458,Specialist
10,Codeforces Round 627 (Div. 3),Mar/12/2020 16:05,2351,3,-14,1469,Specialist
9,Educational Codeforces Round 83 (Rated for Div. 2),Mar/09/2020 17:35,2022,3,+50,1483,Specialist
8,CodeCraft-20 (Div. 2),Mar/04/2020 17:35,2320,2,+35,1433,Specialist
7,"Ozon Tech Challenge 2020 (Div.1 + Div.2, Rated, T-shirts + prizes!)",Mar/03/2020 17:35,4295,2,-20,1398,Pupil
6,"Codeforces Round 623 (Div. 2, based on VK Cup 2019-2020 - Elimination Round, Engine)",Feb/23/2020 19:05,835,3,+90,1418,Specialist
5,Codeforces Round 622 (Div. 2),Feb/23/2020 12:05,3046,1,+19,1328,Pupil
4,Codeforces Round 619 (Div. 2),Feb/13/2020 17:35,4294,1,+6,1309,Pupil
3,Educational Codeforces Round 82 (Rated for Div. 2),Feb/12/2020 17:35,5396,1,-15,1303,Pupil
2,Hello 2019,Jan/04/2019 17:45,6753,1,-93,1318,Pupil
1,Educational Codeforces Round 56 (Rated for Div. 2),Dec/15/2018 17:35,3465,2,-89,1411,Specialist
