#,Contest,Start time,Rank,Solved,Rating change,New rating,Title
170,Hello 2023,Jan/03/2023 17:35,1146,4,-53,2143,Master
169,Good Bye 2022: 2023 is NEAR,Dec/30/2022 17:35,476,4,+54,2196,Master
168,"Polynomial Round 2022 (Div. 1 + Div. 2, Rated, Prizes!)",Dec/17/2022 17:35,464,5,+28,2142,Master
167,Codeforces Global Round 24,Nov/26/2022 17:05,953,3,-70,2114,Master
166,Pinely Round 1 (Div. 1 + Div. 2),Nov/20/2022 17:35,178,5,+116,2184,Master
165,Codeforces Round 833 (Div. 2),Nov/12/2022 17:35,321,4,-17,2068,Candidate Master
164,"CodeTON Round 3 (Div. 1 + Div. 2, Rated, Prizes!)",Nov/06/2022 17:35,814,4,-20,2085,Candidate Master
163,Codeforces Round 831 (Div. 1 + Div. 2),Oct/29/2022 12:10,515,5,-9,2105,Master
162,Codeforces Round 830 (Div. 2),Oct/23/2022 13:05,103,5,+48,2114,Master
161,Codeforces Round 829 (Div. 1),Oct/23/2022 10:50,557,4,-1,2066,Candidate Master
160,Educational Codeforces Round 138 (Rated for Div. 2),Oct/20/2022 17:35,268,4,-1,2067,Candidate Master
159,Codeforces Global Round 23,Oct/15/2022 17:35,1484,3,-71,2068,Candidate Master
158,Dytechlab Cup 2022,Oct/07/2022 17:35,806,3,-44,2139,Master
157,Codeforces Global Round 22,Sep/30/2022 17:35,336,5,+64,2183,Master
156,Educational Codeforces Round 134 (Rated for Div. 2),Aug/27/2022 17:35,67,5,+81,2119,Master
155,Codeforces Round 814 (Div. 1),Aug/16/2022 17:35,767,1,-84,2038,Candidate Master
154,"CodeTON Round 2 (Div. 1 + Div. 2, Rated, Prizes!)",Jul/31/2022 17:05,1180,4,-55,2122,Master
153,Codeforces Round 803 (Div. 2),Jun/28/2022 17:35,30,5,+113,2177,Master
152,Codeforces Global Round 21,Jun/25/2022 17:35,1211,4,-46,2064,Candidate Master
151,Codeforces Round 800 (Div. 1),Jun/16/2022 17:35,467,2,-16,2110,Master
150,Codeforces Round 794 (Div. 1),May/25/2022 20:35,377,2,-49,2126,Master
149,Codeforces Round 792 (Div. 1 + Div. 2),May/19/2022 17:35,372,5,+44,2175,Master
148,Codeforces Round 785 (Div. 2),Apr/30/2022 17:35,79,4,+69,2131,Master
147,Codeforces Global Round 20,Apr/23/2022 17:05,1176,4,-59,2062,Candidate Master
146,Codeforces Round 783 (Div. 1),Apr/19/2022 17:35,482,2,-10,2121,Master
145,"CodeTON Round 1 (Div. 1 + Div. 2, Rated, Prizes!)",Mar/24/2022 17:35,847,4,-18,2131,Master
144,"Codeforces Round 778 (Div. 1 + Div. 2, based on Technocup 2022 Final Round)",Mar/20/2022 14:35,651,4,-15,2149,Master
143,Codeforces Round 777 (Div. 2),Mar/11/2022 17:35,36,4,+111,2164,Master
142,Educational Codeforces Round 124 (Rated for Div. 2),Mar/10/2022 17:35,141,4,+46,2053,Candidate Master
141,"Codeforces Round 775 (Div. 1, based on Moscow Open Olympiad in Informatics)",Mar/06/2022 12:55,332,3,+104,2007,Candidate Master
140,Codeforces Round 774 (Div. 2),Mar/04/2022 18:35,549,3,-7,1903,Candidate Master
139,Codeforces Round 773 (Div. 1),Feb/23/2022 13:10,754,1,-43,1910,Candidate Master
138,Educational Codeforces Round 123 (Rated for Div. 2),Feb/22/2022 17:35,607,4,-19,1953,Candidate Master
137,Codeforces Round 772 (Div. 2),Feb/20/2022 17:35,702,4,-40,1972,Candidate Master
136,Codeforces Round 771 (Div. 2),Feb/14/2022 17:35,287,4,+29,2012,Candidate Master
135,Codeforces Global Round 19,Feb/12/2022 17:35,1183,4,-15,1983,Candidate Master
134,Codeforces Round 770 (Div. 2),Feb/06/2022 17:35,1148,3,-63,1998,Candidate Master
133,Educational Codeforces Round 122 (Rated for Div. 2),Jan/31/2022 17:35,323,4,-4,2061,Candidate Master
132,Codeforces Round 769 (Div. 2),Jan/30/2022 17:35,231,4,+37,2065,Candidate Master
131,Codeforces Round 768 (Div. 1),Jan/27/2022 17:35,781,2,-80,2028,Candidate Master
130,Hello 2022,Jan/03/2022 17:35,762,4,+6,2108,Master
129,Good Bye 2021: 2022 is NEAR,Dec/29/2021 18:35,852,4,-1,2102,Master
128,Codeforces Round 763 (Div. 2),Dec/28/2021 16:35,180,3,+17,2103,Master
127,Educational Codeforces Round 120 (Rated for Div. 2),Dec/27/2021 17:35,53,5,+119,2086,Candidate Master
126,Codeforces Global Round 18,Dec/24/2021 17:35,1196,3,-21,1967,Candidate Master
125,Educational Codeforces Round 119 (Rated for Div. 2),Dec/18/2021 18:35,188,5,+49,1988,Candidate Master
124,Codeforces Round 761 (Div. 2),Dec/16/2021 16:35,390,4,+12,1939,Candidate Master
123,"Codeforces Round 759 (Div. 2, based on Technocup 2022 Elimination Round 3)",Dec/12/2021 18:15,797,3,-55,1927,Candidate Master
122,Codeforces Round 758 (Div.1 + Div. 2),Dec/11/2021 13:05,506,3,+45,1982,Candidate Master
121,Educational Codeforces Round 118 (Rated for Div. 2),Dec/01/2021 17:35,445,4,+14,1937,Candidate Master
120,"Deltix Round, Autumn 2021 (open for everyone, rated, Div. 1 + Div. 2)",Nov/28/2021 17:35,1618,4,-69,1923,Candidate Master
119,Codeforces Round 757 (Div. 2),Nov/26/2021 14:15,243,4,+34,1992,Candidate Master
118,Codeforces Global Round 17,Nov/23/2021 17:35,911,3,+3,1958,Candidate Master
117,"Codeforces Round 755 (Div. 1, based on Technocup 2022 Elimination Round 2)",Nov/14/2021 09:05,501,1,-44,1955,Candidate Master
116,Codeforces Round 754 (Div. 2),Nov/12/2021 17:35,501,3,-19,1999,Candidate Master
115,Codeforces Round 752 (Div. 1),Oct/30/2021 17:35,636,2,0,2018,Candidate Master
114,Educational Codeforces Round 116 (Rated for Div. 2),Oct/29/2021 17:35,398,4,+4,2018,Candidate Master
113,Codeforces Round 751 (Div. 1),Oct/25/2021 09:35,519,2,-48,2014,Candidate Master
112,"Codeforces Round 749 (Div. 1 + Div. 2, based on Technocup 2022 Elimination Round 1)",Oct/17/2021 14:05,1292,4,-74,2062,Candidate Master
111,Codeforces Global Round 16,Sep/12/2021 17:35,1044,6,-47,2136,Master
110,Codeforces Round 736 (Div. 1),Aug/01/2021 17:35,299,3,+75,2183,Master
109,Codeforces Global Round 15,Jul/25/2021 17:35,667,5,+18,2108,Master
108,"Harbour.Space Scholarship Contest 2021-2022 (open for everyone, rated, Div. 1 + Div. 2)",Jul/22/2021 17:35,885,4,-23,2090,Candidate Master
107,"Codeforces Round 733 (Div. 1 + Div. 2, based on VK Cup 2021 - Elimination (Engine))",Jul/17/2021 17:35,817,5,-21,2113,Master
106,Codeforces Round 732 (Div. 1),Jul/11/2021 17:05,466,2,+5,2134,Master
105,"Deltix Round, Spring 2021 (open for everyone, rated, Div. 1 + Div. 2)",May/30/2021 17:35,350,4,+88,2129,Master
104,Codeforces Round 721 (Div. 2),May/20/2021 17:35,101,4,+105,2041,Candidate Master
103,Educational Codeforces Round 109 (Rated for Div. 2),May/16/2021 11:00,218,4,+60,1936,Candidate Master
102,Codeforces Round 720 (Div. 2),May/07/2021 17:35,728,3,+21,1876,Expert
101,Codeforces Global Round 14,May/02/2021 17:35,1228,4,+36,1855,Expert
100,Contest 2050 and Codeforces Round 718 (Div. 1 + Div. 2),Apr/23/2021 17:35,1692,4,-2,1819,Expert
99,Codeforces Round 717 (Div. 2),Apr/21/2021 16:35,1904,2,-62,1821,Expert
98,Codeforces Round 716 (Div. 2),Apr/19/2021 16:35,578,3,+12,1883,Expert
97,Codeforces Round 715 (Div. 2),Apr/16/2021 17:35,145,4,+102,1871,Expert
96,Educational Codeforces Round 107 (Rated for Div. 2),Apr/12/2021 17:35,2066,4,-62,1769,Expert
95,Codeforces Round 712 (Div. 1),Apr/03/2021 17:35,1027,1,-87,1831,Expert
94,"Codeforces Round 709 (Div. 1, based on Technocup 2021 Final Round)",Mar/21/2021 16:20,765,1,-44,1918,Candidate Master
93,Codeforces Global Round 13,Feb/28/2021 16:35,859,4,+58,1962,Candidate Master
92,Codeforces Round 694 (Div. 2),Jan/05/2021 17:35,270,4,+61,1904,Candidate Master
91,Good Bye 2020,Dec/30/2020 17:35,2307,5,-19,1843,Expert
90,Educational Codeforces Round 101 (Rated for Div. 2),Dec/28/2020 17:35,339,4,+88,1862,Expert
89,"Codeforces Round 692 (Div. 2, based on Technocup 2021 Elimination Round 3)",Dec/20/2020 18:05,2144,2,-88,1774,Expert
88,Codeforces Round 691 (Div. 2),Dec/19/2020 12:35,240,3,+45,1862,Expert
87,"Codeforces Round 689 (Div. 2, based on Zed Code Competition)",Dec/11/2020 17:35,1273,4,-37,1817,Expert
86,Codeforces Global Round 12,Dec/06/2020 17:35,719,5,+96,1854,Expert
85,Codeforces Round 688 (Div. 2),Dec/04/2020 16:05,558,4,+67,1758,Expert
84,Educational Codeforces Round 99 (Rated for Div. 2),Nov/30/2020 17:35,2030,4,-24,1691,Expert
83,Codeforces Round 685 (Div. 2),Nov/21/2020 17:35,1818,4,-13,1715,Expert
82,Educational Codeforces Round 98 (Rated for Div. 2),Nov/19/2020 17:35,1501,4,-20,1728,Expert
81,Codeforces Round 684 (Div. 2),Nov/17/2020 17:35,1732,3,-60,1748,Expert
80,"Codeforces Round 683 (Div. 2, by Meet IT)",Nov/15/2020 17:35,350,4,+32,1808,Expert
79,"Codeforces Round 681 (Div. 2, based on VK Cup 2019-2020 - Final)",Nov/02/2020 17:35,1091,3,-38,1776,Expert
78,Educational Codeforces Round 97 (Rated for Div. 2),Oct/27/2020 17:35,267,4,+119,1814,Expert
77,"Codeforces Round 679 (Div. 2, based on Technocup 2021 Elimination Round 1)",Oct/25/2020 14:05,1237,2,-37,1695,Expert
76,Codeforces Round 678 (Div. 2),Oct/24/2020 17:05,1097,3,+11,1732,Expert
75,Codeforces Round 676 (Div. 2),Oct/18/2020 12:05,404,4,+117,1721,Expert
74,Educational Codeforces Round 96 (Rated for Div. 2),Oct/11/2020 12:05,1854,3,-18,1604,Expert
73,Codeforces Global Round 11,Oct/10/2020 17:50,2355,2,+15,1622,Expert
72,Codeforces Round 675 (Div. 2),Oct/04/2020 19:05,2816,2,-58,1607,Expert
71,Grakn Forces 2020,Sep/30/2020 17:35,2212,3,+6,1665,Expert
70,Codeforces Round 673 (Div. 2),Sep/27/2020 18:05,466,3,+80,1659,Expert
69,Codeforces Round 672 (Div. 2),Sep/24/2020 17:35,2373,3,+12,1579,Specialist
68,Codeforces Round 671 (Div. 2),Sep/19/2020 17:35,3232,4,-33,1567,Specialist
67,Codeforces Round 670 (Div. 2),Sep/12/2020 16:45,3372,2,-39,1600,Expert
66,Codeforces Round 669 (Div. 2),Sep/08/2020 17:35,4263,2,-69,1639,Expert
65,Codeforces Round 668 (Div. 2),Sep/06/2020 17:35,264,4,+141,1708,Expert
64,Codeforces Round 667 (Div. 3),Sep/04/2020 17:35,736,4,+58,1567,Specialist
63,Educational Codeforces Round 94 (Rated for Div. 2),Aug/25/2020 17:35,6276,1,-78,1509,Specialist
62,Codeforces Global Round 10,Aug/16/2020 17:35,3135,3,-8,1587,Specialist
61,Educational Codeforces Round 93 (Rated for Div. 2),Aug/14/2020 17:35,1534,4,+69,1595,Specialist
60,Codeforces Round 664 (Div. 2),Aug/12/2020 17:35,5077,2,-56,1526,Specialist
59,Codeforces Round 661 (Div. 3),Aug/05/2020 17:35,1402,4,+7,1582,Specialist
58,Codeforces Round 660 (Div. 2),Jul/30/2020 17:35,4292,2,-40,1575,Specialist
57,Educational Codeforces Round 92 (Rated for Div. 2),Jul/29/2020 17:35,2396,3,+26,1615,Expert
56,Codeforces Round 658 (Div. 2),Jul/21/2020 17:35,5100,3,-69,1589,Specialist
55,Codeforces Round 657 (Div. 2),Jul/19/2020 12:00,1955,2,+29,1658,Expert
54,Codeforces Round 642 (Div. 3),May/14/2020 17:35,595,4,+75,1629,Expert
53,Educational Codeforces Round 86 (Rated for Div. 2),Apr/26/2020 17:35,6092,2,-43,1554,Specialist
52,"Codeforces Round 637 (Div. 2) - Thanks, Ivan Belonogov!",Apr/23/2020 17:45,2720,3,+25,1597,Specialist
51,Codeforces Round 634 (Div. 3),Apr/13/2020 17:35,1668,4,+28,1572,Specialist
50,Codeforces Round 633 (Div. 2),Apr/12/2020 17:05,2236,3,+39,1544,Specialist
49,Codeforces Round 632 (Div. 2),Apr/08/2020 17:35,8780,2,-92,1505,Specialist
48,Codeforces Round 630 (Div. 2),Mar/31/2020 16:35,3123,3,+14,1597,Specialist
47,Codeforces Round 629 (Div. 3),Mar/26/2020 17:35,606,4,+99,1583,Specialist
46,Codeforces Round 628 (Div. 2),Mar/14/2020 17:35,4010,2,-24,1484,Specialist
45,"Codeforces Round 626 (Div. 2, based on Moscow Open Olympiad in Informatics)",Mar/07/2020 12:35,2692,2,-56,1508,Specialist
44,CodeCraft-20 (Div. 2),Mar/04/2020 17:35,2962,2,-45,1564,Specialist
43,"Codeforces Round 623 (Div. 2, based on VK Cup 2019-2020 - Elimination Round, Engine)",Feb/23/2020 19:05,961,3,-9,1609,Expert
42,Codeforces Round 619 (Div. 2),Feb/13/2020 17:35,893,3,+97,1618,Expert
41,Educational Codeforces Round 82 (Rated for Div. 2),Feb/12/2020 17:35,3421,2,-16,1521,Specialist
40,Codeforces Round 618 (Div. 2),Feb/09/2020 17:05,2211,3,+9,1537,Specialist
39,Codeforces Round 617 (Div. 3),Feb/04/2020 17:35,1124,4,+43,1528,Specialist
38,Codeforces Round 616 (Div. 2),Feb/02/2020 17:05,1449,3,+79,1485,Specialist
37,Codeforces Round 614 (Div. 2),Jan/19/2020 16:35,2733,3,+17,1406,Specialist
36,Educational Codeforces Round 80 (Rated for Div. 2),Jan/14/2020 17:35,4304,2,-39,1389,Pupil
35,Codeforces Round 613 (Div. 2),Jan/10/2020 17:05,1992,3,+63,1428,Specialist
34,Codeforces Round 612 (Div. 2),Jan/05/2020 17:05,4733,1,-81,1365,Pupil
33,Hello 2020,Jan/04/2020 15:05,4074,2,-3,1446,Specialist
32,Codeforces Round 611 (Div. 3),Dec/28/2019 20:05,2250,2,-39,1449,Specialist
31,Codeforces Round 610 (Div. 2),Dec/24/2019 17:35,1574,3,+42,1488,Specialist
30,Codeforces Round 609 (Div. 2),Dec/21/2019 14:05,2038,2,+6,1446,Specialist
29,Codeforces Global Round 6,Dec/17/2019 18:05,2728,3,+9,1440,Specialist
28,Codeforces Round 605 (Div. 3),Dec/12/2019 16:35,2482,3,-36,1431,Specialist
27,Educational Codeforces Round 77 (Rated for Div. 2),Nov/27/2019 16:50,2758,2,-28,1467,Specialist
26,Codeforces Round 601 (Div. 2),Nov/19/2019 17:35,946,3,+80,1495,Specialist
25,Codeforces Round 600 (Div. 2),Nov/16/2019 17:35,2457,2,+23,1415,Specialist
24,Educational Codeforces Round 76 (Rated for Div. 2),Nov/13/2019 17:35,4623,2,-63,1392,Pupil
23,Codeforces Round 599 (Div. 2),Nov/06/2019 18:05,2046,3,+12,1455,Specialist
22,Codeforces Round 598 (Div. 3),Nov/04/2019 16:15,1785,2,+16,1443,Specialist
21,Codeforces Round 597 (Div. 2),Nov/01/2019 17:35,5423,1,-101,1427,Specialist
20,"Codeforces Round 596 (Div. 2, based on Technocup 2020 Elimination Round 2)",Oct/26/2019 14:05,1131,3,+33,1528,Specialist
19,Codeforces Round 595 (Div. 3),Oct/22/2019 17:35,988,5,+46,1495,Specialist
18,Codeforces Global Round 5,Oct/16/2019 17:35,2031,3,+90,1449,Specialist
17,Educational Codeforces Round 74 (Rated for Div. 2),Oct/08/2019 17:35,3767,2,-23,1359,Pupil
16,Codeforces Round 590 (Div. 3),Oct/01/2019 17:35,2191,3,+20,1382,Pupil
15,Codeforces Round 589 (Div. 2),Sep/29/2019 16:05,3319,2,+32,1362,Pupil
14,Codeforces Round 588 (Div. 2),Sep/23/2019 17:05,4527,2,-60,1330,Pupil
13,Codeforces Round 587 (Div. 3),Sep/21/2019 10:05,649,4,+103,1390,Pupil
12,Educational Codeforces Round 73 (Rated for Div. 2),Sep/19/2019 17:35,3230,2,-25,1287,Pupil
11,Codeforces Round 586 (Div. 1 + Div. 2),Sep/18/2019 19:05,2484,3,+79,1312,Pupil
10,"Codeforces Round 584 - Dasha Code Championship - Elimination Round (rated, open for everyone, Div. 1 + Div. 2)",Sep/14/2019 16:05,4317,1,-15,1233,Pupil
9,Codeforces Round 579 (Div. 3),Aug/13/2019 17:35,2526,3,+55,1248,Pupil
8,Codeforces Round 578 (Div. 2),Aug/11/2019 15:35,3953,2,+53,1193,Newbie
7,Educational Codeforces Round 70 (Rated for Div. 2),Aug/07/2019 17:35,3328,0,-97,1140,Newbie
6,Codeforces Round 577 (Div. 2),Aug/04/2019 19:35,4455,1,-60,1237,Pupil
5,Codeforces Round 576 (Div. 2),Jul/30/2019 17:35,3598,2,-8,1297,Pupil
4,Educational Codeforces Round 69 (Rated for Div. 2),Jul/22/2019 17:35,4493,2,-52,1305,Pupil
3,Codeforces Round 569 (Div. 2),Jun/21/2019 20:05,3308,1,-71,1357,Pupil
2,Codeforces Round 557 (Div. 2) [based on Forethought Future Cup - Final Round],May/04/2019 20:05,1313,2,-32,1428,Specialist
1,Codeforces Round 555 (Div. 3),Apr/26/2019 17:35,2047,2,-40,1460,Specialist
