#,Contest,Start time,Rank,Solved,Rating change,New rating,Title
59,"Codeforces Round 844 (Div. 1 + Div. 2, based on VK Cup 2022 - Elimination Round)",Jan/15/2023 15:05,555,4,+1,2159,Master
58,Educational Codeforces Round 131 (Rated for Div. 2),Jul/08/2022 17:35,17,5,+166,2158,Master
57,Codeforces Round 803 (Div. 2),Jun/28/2022 17:35,930,4,-61,1992,Candidate Master
56,CodeCraft-22 and Codeforces Round 795 (Div. 2),May/31/2022 17:35,312,4,-7,2053,Candidate Master
55,Codeforces Round 792 (Div. 1 + Div. 2),May/19/2022 17:35,1200,4,-57,2060,Candidate Master
54,"Codeforces Round 775 (Div. 1, based on Moscow Open Olympiad in Informatics)",Mar/06/2022 12:55,204,3,+130,2117,Master
53,Codeforces Round 774 (Div. 2),Mar/04/2022 18:35,418,3,-14,1987,Candidate Master
52,Codeforces Round 773 (Div. 1),Feb/23/2022 13:10,774,1,-66,2001,Candidate Master
51,Codeforces Round 768 (Div. 1),Jan/27/2022 17:35,655,2,-50,2067,Candidate Master
50,Codeforces Round 767 (Div. 1),Jan/22/2022 17:35,637,3,-40,2117,Master
49,Codeforces Global Round 18,Dec/24/2021 17:35,583,4,+5,2157,Master
48,Codeforces Round 752 (Div. 1),Oct/30/2021 17:35,430,2,+24,2152,Master
47,Codeforces Round 747 (Div. 2),Oct/08/2021 18:05,18,7,+168,2128,Master
46,Codeforces Round 746 (Div. 2),Oct/03/2021 17:35,286,3,+46,1960,Candidate Master
45,Codeforces Round 745 (Div. 1),Sep/30/2021 13:15,502,1,-47,1914,Candidate Master
44,Codeforces Global Round 16,Sep/12/2021 17:35,2782,5,-124,1961,Candidate Master
43,Educational Codeforces Round 113 (Rated for Div. 2),Sep/08/2021 17:35,217,4,+19,2085,Candidate Master
42,Codeforces Round 742 (Div. 2),Sep/05/2021 17:35,95,5,+91,2066,Candidate Master
41,"Deltix Round, Summer 2021 (open for everyone, rated, Div. 1 + Div. 2)",Aug/29/2021 17:35,1067,4,+2,1975,Candidate Master
40,Codeforces Round 741 (Div. 2),Aug/26/2021 17:35,357,4,+27,1973,Candidate Master
39,Codeforces Round 738 (Div. 2),Aug/15/2021 17:35,932,4,-26,1946,Candidate Master
38,Codeforces Round 737 (Div. 2),Aug/09/2021 17:35,1293,3,-64,1972,Candidate Master
37,Educational Codeforces Round 112 (Rated for Div. 2),Jul/30/2021 17:35,246,5,+39,2036,Candidate Master
36,Codeforces Round 735 (Div. 2),Jul/29/2021 17:35,275,4,+46,1997,Candidate Master
35,Codeforces Global Round 15,Jul/25/2021 17:35,1312,4,-14,1951,Candidate Master
34,"Harbour.Space Scholarship Contest 2021-2022 (open for everyone, rated, Div. 1 + Div. 2)",Jul/22/2021 17:35,652,5,+58,1965,Candidate Master
33,Codeforces Round 730 (Div. 2),Jul/07/2021 17:35,447,4,+37,1907,Candidate Master
32,Codeforces Round 729 (Div. 2),Jul/03/2021 16:05,654,3,+24,1870,Expert
31,Codeforces Round 728 (Div. 2),Jun/25/2021 18:35,104,3,+127,1846,Expert
30,Codeforces Round 727 (Div. 2),Jun/20/2021 13:05,1935,3,-47,1719,Expert
29,Codeforces Round 726 (Div. 2),Jun/18/2021 17:35,1886,4,-23,1766,Expert
28,Codeforces Round 722 (Div. 2),May/24/2021 17:35,273,4,+95,1789,Expert
27,Codeforces Round 721 (Div. 2),May/20/2021 17:35,1346,3,+26,1694,Expert
26,Educational Codeforces Round 109 (Rated for Div. 2),May/16/2021 11:00,3151,2,-88,1668,Expert
25,Codeforces Round 720 (Div. 2),May/07/2021 17:35,1649,2,-11,1756,Expert
24,Educational Codeforces Round 108 (Rated for Div. 2),Apr/29/2021 17:35,1609,4,-26,1767,Expert
23,Contest 2050 and Codeforces Round 718 (Div. 1 + Div. 2),Apr/23/2021 17:35,1665,4,+10,1793,Expert
22,Codeforces Round 717 (Div. 2),Apr/21/2021 16:35,600,3,+59,1783,Expert
21,Codeforces Round 716 (Div. 2),Apr/19/2021 16:35,1339,3,-10,1724,Expert
20,Codeforces Round 715 (Div. 2),Apr/16/2021 17:35,999,3,+2,1734,Expert
19,Educational Codeforces Round 107 (Rated for Div. 2),Apr/12/2021 17:35,1602,4,-26,1732,Expert
18,Divide by Zero 2021 and Codeforces Round 714 (Div. 2),Apr/11/2021 17:35,305,4,+119,1758,Expert
17,Codeforces Round 712 (Div. 2),Apr/03/2021 17:35,1795,3,-21,1639,Expert
16,CodeCraft-21 and Codeforces Round 711 (Div. 2),Mar/29/2021 17:35,1913,3,-27,1660,Expert
15,"Codeforces Round 709 (Div. 2, based on Technocup 2021 Final Round)",Mar/21/2021 16:20,1361,2,-34,1687,Expert
14,Educational Codeforces Round 106 (Rated for Div. 2),Mar/18/2021 17:50,842,3,+40,1721,Expert
13,Codeforces Round 706 (Div. 2),Mar/10/2021 15:05,809,3,+39,1681,Expert
12,Codeforces Round 705 (Div. 2),Mar/06/2021 17:05,2750,2,-54,1642,Expert
11,Educational Codeforces Round 105 (Rated for Div. 2),Mar/02/2021 17:45,1367,2,+22,1696,Expert
10,Codeforces Round 703 (Div. 2),Feb/18/2021 17:35,1585,3,+26,1674,Expert
9,Educational Codeforces Round 104 (Rated for Div. 2),Feb/15/2021 17:35,1503,4,+26,1648,Expert
8,Codeforces Round 701 (Div. 2),Feb/12/2021 17:50,1637,2,+26,1622,Expert
7,Codeforces Round 700 (Div. 2),Feb/07/2021 17:35,3633,2,-49,1596,Specialist
6,Codeforces Round 699 (Div. 2),Feb/05/2021 17:35,1739,3,+18,1645,Expert
5,Educational Codeforces Round 103 (Rated for Div. 2),Jan/29/2021 17:35,2622,3,-9,1627,Expert
4,Codeforces Round 698 (Div. 2),Jan/28/2021 17:35,191,4,+208,1636,Expert
3,Codeforces Round 696 (Div. 2),Jan/19/2021 17:35,2541,2,+53,1428,Specialist
2,"Codeforces Round 679 (Div. 2, based on Technocup 2021 Elimination Round 1)",Oct/25/2020 14:05,3579,2,-66,1375,Pupil
1,"Codeforces Round 512 (Div. 2, based on Technocup 2019 Elimination Round 1)",Sep/23/2018 16:05,2364,2,-59,1441,Specialist
