#,Contest,Start time,Rank,Solved,Rating change,New rating,Title
9,Codeforces Round 841 (Div. 2) and Divide by Zero 2022,Dec/27/2022 17:35,5,6,+233,2245,Master
8,Codeforces Round 840 (Div. 2) and Enigma 2022 - Cybros LNMIIT,Dec/19/2022 17:35,739,2,-58,2012,Candidate Master
7,Codeforces Round 837 (Div. 2),Dec/11/2022 18:35,283,3,+1,2070,Candidate Master
6,Codeforces Round 836 (Div. 2),Nov/25/2022 18:35,298,4,+39,2069,Candidate Master
5,Educational Codeforces Round 137 (Rated for Div. 2),Oct/17/2022 17:35,60,5,+202,2030,Candidate Master
4,Codeforces Round 825 (Div. 2),Oct/10/2022 17:35,383,3,+158,1828,Expert
3,Codeforces Round 820 (Div. 3),Sep/12/2022 17:35,5,7,+515,1670,Expert
2,Codeforces Round 800 (Div. 2),Jun/16/2022 17:35,114,4,+537,1155,Newbie
1,Codeforces Round 799 (Div. 4),Jun/14/2022 17:35,315,7,+618,618,Newbie
