#,Contest,Start time,Rank,Solved,Rating change,New rating,Title
9,"Codeforces Round 844 (Div. 1 + Div. 2, based on VK Cup 2022 - Elimination Round)",Jan/15/2023 15:05,628,4,+2,2115,Master
8,Codeforces Round 842 (Div. 2),Jan/05/2023 17:35,92,5,+74,2113,Master
7,Hello 2023,Jan/03/2023 17:35,856,4,+18,2039,Candidate Master
6,Educational Codeforces Round 133 (Rated for Div. 2),Aug/04/2022 17:35,162,4,+74,2021,Candidate Master
5,"CodeTON Round 2 (Div. 1 + Div. 2, Rated, Prizes!)",Jul/31/2022 17:05,674,4,+77,1947,Candidate Master
4,Codeforces Round 804 (Div. 2),Jul/04/2022 17:35,215,3,+105,1870,Expert
3,Codeforces Round 741 (Div. 2),Aug/26/2021 17:35,503,4,+80,1765,Expert
2,"Codeforces Round 740 (Div. 2, based on VK Cup 2021 - Final (Engine))",Aug/24/2021 17:35,156,5,+187,1685,Expert
1,Codeforces Round 554 (Div. 2),Apr/24/2019 17:35,1977,2,-2,1498,Specialist
