#,Contest,Start time,Rank,Solved,Rating change,New rating,Title
70,"Codeforces Round 844 (Div. 1 + Div. 2, based on VK Cup 2022 - Elimination Round)",Jan/15/2023 15:05,364,5,-38,2424,Grandmaster
69,Hello 2023,Jan/03/2023 17:35,198,6,+37,2462,Grandmaster
68,Good Bye 2022: 2023 is NEAR,Dec/30/2022 17:35,482,4,-25,2425,Grandmaster
67,Pinely Round 1 (Div. 1 + Div. 2),Nov/20/2022 17:35,111,5,+66,2450,Grandmaster
66,"CodeTON Round 3 (Div. 1 + Div. 2, Rated, Prizes!)",Nov/06/2022 17:35,153,5,+62,2384,International Master
65,Codeforces Global Round 23,Oct/15/2022 17:35,286,5,+48,2322,International Master
64,Codeforces Global Round 22,Sep/30/2022 17:35,399,5,+10,2274,Master
63,Codeforces Round 814 (Div. 1),Aug/16/2022 17:35,383,3,-25,2264,Master
62,"CodeTON Round 2 (Div. 1 + Div. 2, Rated, Prizes!)",Jul/31/2022 17:05,260,5,+59,2289,Master
61,Codeforces Round 800 (Div. 1),Jun/16/2022 17:35,240,3,+54,2230,Master
60,Codeforces Round 796 (Div. 1),Jun/03/2022 17:35,334,2,+7,2176,Master
59,Codeforces Round 792 (Div. 1 + Div. 2),May/19/2022 17:35,301,5,+70,2169,Master
58,Codeforces Round 788 (Div. 2),May/06/2022 17:35,68,5,+78,2099,Candidate Master
57,Codeforces Round 783 (Div. 1),Apr/19/2022 17:35,794,1,-90,2021,Candidate Master
56,"CodeTON Round 1 (Div. 1 + Div. 2, Rated, Prizes!)",Mar/24/2022 17:35,494,5,+54,2111,Master
55,Educational Codeforces Round 125 (Rated for Div. 2),Mar/22/2022 17:45,534,4,-39,2057,Candidate Master
54,"Codeforces Round 778 (Div. 1 + Div. 2, based on Technocup 2022 Final Round)",Mar/20/2022 14:35,452,4,+49,2096,Candidate Master
53,"Codeforces Round 775 (Div. 1, based on Moscow Open Olympiad in Informatics)",Mar/06/2022 12:55,476,3,+10,2047,Candidate Master
52,Codeforces Round 771 (Div. 2),Feb/14/2022 17:35,271,4,+25,2037,Candidate Master
51,Educational Codeforces Round 122 (Rated for Div. 2),Jan/31/2022 17:35,513,4,-23,2012,Candidate Master
50,Codeforces Round 769 (Div. 2),Jan/30/2022 17:35,661,4,-29,2035,Candidate Master
49,Codeforces Round 763 (Div. 2),Dec/28/2021 16:35,347,3,-17,2064,Candidate Master
48,Codeforces Round 758 (Div.1 + Div. 2),Dec/11/2021 13:05,713,3,-29,2081,Candidate Master
47,"Deltix Round, Autumn 2021 (open for everyone, rated, Div. 1 + Div. 2)",Nov/28/2021 17:35,266,5,+117,2110,Master
46,Codeforces Round 757 (Div. 2),Nov/26/2021 14:15,129,4,+82,1993,Candidate Master
45,Codeforces Round 752 (Div. 1),Oct/30/2021 17:35,881,2,-55,1911,Candidate Master
44,Codeforces Round 751 (Div. 1),Oct/25/2021 09:35,558,2,-53,1966,Candidate Master
43,Codeforces Round 750 (Div. 2),Oct/24/2021 13:05,171,6,+47,2019,Candidate Master
42,"Codeforces Round 749 (Div. 1 + Div. 2, based on Technocup 2022 Elimination Round 1)",Oct/17/2021 14:05,609,4,+54,1972,Candidate Master
41,Educational Codeforces Round 115 (Rated for Div. 2),Oct/10/2021 12:05,278,4,+41,1918,Candidate Master
40,Codeforces Round 747 (Div. 2),Oct/08/2021 18:05,472,5,+19,1877,Expert
39,Codeforces Round 746 (Div. 2),Oct/03/2021 17:35,632,3,+15,1858,Expert
38,Educational Codeforces Round 114 (Rated for Div. 2),Sep/20/2021 17:35,2982,3,-114,1843,Expert
37,Codeforces Round 742 (Div. 2),Sep/05/2021 17:35,87,5,+146,1957,Candidate Master
36,"Deltix Round, Summer 2021 (open for everyone, rated, Div. 1 + Div. 2)",Aug/29/2021 17:35,1024,4,+65,1811,Expert
35,Codeforces Round 741 (Div. 2),Aug/26/2021 17:35,1312,4,-5,1746,Expert
34,"Codeforces Round 740 (Div. 2, based on VK Cup 2021 - Final (Engine))",Aug/24/2021 17:35,607,4,+41,1751,Expert
33,Codeforces Round 737 (Div. 2),Aug/09/2021 17:35,7537,2,-158,1710,Expert
32,Codeforces Round 736 (Div. 2),Aug/01/2021 17:35,600,4,+1,1868,Expert
31,Educational Codeforces Round 112 (Rated for Div. 2),Jul/30/2021 17:35,946,4,-7,1867,Expert
30,Codeforces Round 735 (Div. 2),Jul/29/2021 17:35,486,4,+46,1874,Expert
29,Educational Codeforces Round 111 (Rated for Div. 2),Jul/14/2021 17:35,1131,3,-3,1828,Expert
28,Codeforces Round 732 (Div. 2),Jul/11/2021 17:05,565,3,+23,1831,Expert
27,Codeforces Round 730 (Div. 2),Jul/07/2021 17:35,866,3,+19,1808,Expert
26,Codeforces Round 729 (Div. 2),Jul/03/2021 16:05,1022,3,+14,1789,Expert
25,Codeforces Round 727 (Div. 2),Jun/20/2021 13:05,166,4,+160,1775,Expert
24,Codeforces Round 726 (Div. 2),Jun/18/2021 17:35,7970,2,-127,1615,Expert
23,Codeforces Round 724 (Div. 2),Jun/06/2021 17:35,2303,3,-58,1742,Expert
22,Educational Codeforces Round 110 (Rated for Div. 2),Jun/04/2021 17:35,1329,4,-17,1800,Expert
21,"Deltix Round, Spring 2021 (open for everyone, rated, Div. 1 + Div. 2)",May/30/2021 17:35,877,3,+84,1817,Expert
20,Codeforces Round 723 (Div. 2),May/28/2021 17:05,383,4,+127,1733,Expert
19,Codeforces Round 720 (Div. 2),May/07/2021 17:35,5333,2,-88,1606,Expert
18,Codeforces Global Round 14,May/02/2021 17:35,2583,4,-14,1694,Expert
17,Codeforces Round 715 (Div. 2),Apr/16/2021 17:35,610,3,+54,1708,Expert
16,Codeforces Round 712 (Div. 2),Apr/03/2021 17:35,943,3,+35,1654,Expert
15,Codeforces Round 705 (Div. 2),Mar/06/2021 17:05,2074,2,-15,1619,Expert
14,Codeforces Round 703 (Div. 2),Feb/18/2021 17:35,1359,3,+57,1634,Expert
13,Codeforces Round 702 (Div. 3),Feb/16/2021 17:35,351,6,+98,1577,Specialist
12,Codeforces Round 701 (Div. 2),Feb/12/2021 17:50,6780,1,-117,1479,Specialist
11,Codeforces Round 700 (Div. 2),Feb/07/2021 17:35,1613,3,+31,1596,Specialist
10,Codeforces Round 699 (Div. 2),Feb/05/2021 17:35,2158,3,+24,1565,Specialist
9,Codeforces Round 698 (Div. 2),Jan/28/2021 17:35,1659,3,+46,1541,Specialist
8,"Codeforces Round 687 (Div. 2, based on Technocup 2021 Elimination Round 2)",Nov/29/2020 10:05,2147,2,-35,1495,Specialist
7,"Codeforces Round 681 (Div. 2, based on VK Cup 2019-2020 - Final)",Nov/02/2020 17:35,713,4,+94,1530,Specialist
6,Educational Codeforces Round 97 (Rated for Div. 2),Oct/27/2020 17:35,1568,3,+144,1436,Specialist
5,Codeforces Round 677 (Div. 3),Oct/20/2020 17:35,1705,5,+160,1292,Pupil
4,Codeforces Round 676 (Div. 2),Oct/18/2020 12:05,5318,2,+100,1132,Newbie
3,Codeforces Raif Round 1 (Div. 1 + Div. 2),Oct/17/2020 16:05,4363,3,+260,1032,Newbie
2,Codeforces Round 670 (Div. 2),Sep/12/2020 16:45,7044,1,+278,772,Newbie
1,Educational Codeforces Round 94 (Rated for Div. 2),Aug/25/2020 17:35,5206,2,+494,494,Newbie
